1	62.7603	68.1979	62.7164
2	81.8624	90.1636	81.7965
3	81.9274	90.528	81.8619
4	97.4103	107.166	97.3453
5	97.4524	107.354	97.3883
6	98.035	107.57	97.9718
7	112.849	122.562	112.771
8	127.537	137.198	127.433
9	127.602	137.559	127.499
10	127.643	137.943	127.541
11	142.306	152.745	142.224
12	142.321	152.756	142.241
13	142.336	152.766	142.256
14	156.596	168.571	156.499
15	156.661	168.934	156.565
16	156.691	169.048	156.596
17	169.375	184.632	169.274
18	197.896	215.897	197.779
19	197.925	216.138	197.809
20	197.971	216.481	197.856
21	198.001	216.721	197.886
22	198.043	216.898	197.928
23	198.087	217.068	197.973
24	199.362	217.412	199.25
25	199.406	217.766	199.294
26	199.436	218.006	199.324
27	199.465	218.246	199.355
28	199.481	218.258	199.371
29	210.463	228.957	210.336
30	210.529	229.317	210.404
31	223.773	243.002	223.643
32	223.839	243.365	223.71
33	224.941	243.599	224.812
34	224.958	243.617	224.831
35	225.024	243.977	224.897
36	225.051	244.011	224.925
37	225.066	244.026	224.94
38	225.103	244.318	224.977
39	225.146	244.493	225.021
40	225.184	244.795	225.059
41	225.215	244.909	225.091
42	225.229	244.92	225.105
43	225.246	244.936	225.122
44	225.276	244.946	225.152
45	225.305	245.059	225.181
46	225.35	245.411	225.225
47	238.004	258.49	237.905
48	238.034	258.729	237.936
49	238.078	259.081	237.98
50	238.093	259.096	237.995
51	238.109	259.108	238.012
52	263.329	287.353	263.256
53	276.987	301.803	276.924
54	277.018	302.043	276.955
55	277.044	302.076	276.982
56	277.088	302.435	277.027
57	277.126	302.729	277.066
58	277.142	302.741	277.082
59	277.189	303.083	277.13
60	277.227	303.377	277.169
61	277.301	303.742	277.244
62	277.349	303.907	277.293
63	278.646	304.368	278.592
64	278.681	304.599	278.628
65	278.701	304.66	278.649
66	278.731	304.774	278.68
67	278.799	305.136	278.747
68	278.844	305.492	278.851
69	278.874	305.605	278.926
70	278.912	305.907	279.02
71	278.955	306.094	279.126
72	278.984	306.331	279.2
73	279.049	306.585	279.265
74	279.069	306.644	279.285
75	279.1	306.655	279.316
76	279.146	306.961	279.363
77	279.194	307.306	279.411
78	279.225	307.418	279.442
79	279.242	307.431	279.46
80	293.948	322.198	294.199
81	293.993	322.605	294.245
82	294.02	322.639	294.273
83	294.041	322.723	294.294
84	294.091	322.89	294.344
85	294.122	323.131	294.376
86	294.177	323.181	294.431
87	294.206	323.413	294.461
88	294.244	323.715	294.499
89	294.262	323.729	294.517
90	294.292	323.968	294.548
91	294.36	324.333	294.616
92	294.391	324.574	294.648
93	294.428	324.713	294.685
94	294.446	324.726	294.703
95	294.463	324.738	294.72
96	294.53	325.1	294.788
97	294.562	325.214	294.82
98	294.607	325.383	294.865
99	294.623	325.395	294.881
100	294.666	325.777	294.925
101	294.71	326.16	294.969
102	294.755	326.513	295.015
103	294.77	326.525	295.048
104	296.065	326.874	296.739
105	296.105	326.927	296.779
106	296.678	327.032	297.352
107	296.722	327.384	297.397
108	296.782	327.726	297.457
109	296.809	327.759	297.485
110	296.854	327.929	297.53
111	296.898	328.312	297.575
112	296.929	328.426	297.607
113	296.947	328.439	297.624
114	296.977	328.649	297.655
115	297.02	329.033	297.698
116	297.051	329.273	297.73
117	297.119	329.636	297.798
118	297.692	329.74	298.372
119	315.999	351.17	316.628
120	316.03	351.412	316.66
121	316.061	351.527	316.691
122	316.092	351.768	316.722
123	316.13	352.07	316.76
124	316.148	352.121	316.78
125	316.179	352.236	316.811
126	316.197	352.249	316.828
127	316.215	352.299	316.846
128	316.246	352.413	316.878
129	316.277	352.528	316.909
130	316.322	352.884	316.954
131	316.341	352.952	316.973
132	316.359	352.965	316.991
133	326.787	363.452	327.417
134	326.819	363.567	327.449
135	326.868	363.914	327.499
136	328.218	364.261	328.852
137	328.267	364.427	328.902
138	328.332	364.744	328.967
139	328.348	364.756	328.984
140	328.365	364.768	329.002
141	328.946	364.871	329.584
142	328.978	365.112	329.616
143	329	365.215	329.639
144	329.068	365.577	329.707
145	329.084	365.589	329.724
146	329.128	365.97	329.768
147	329.159	366.212	329.8
148	329.187	366.311	329.827
149	329.218	366.424	329.859
150	329.247	366.532	329.888
151	329.279	366.773	329.919
152	329.294	366.786	329.935
153	329.324	366.996	329.965
154	329.341	367.039	329.982
155	329.397	367.339	330.038
156	329.441	367.652	330.082
157	329.487	368.059	330.129
158	329.515	368.158	330.158
159	329.535	368.218	330.178
160	329.585	368.622	330.224
161	330.732	368.817	331.297
162	330.763	368.93	331.328
163	330.808	369.281	331.373
164	330.852	369.665	331.418
165	330.87	369.677	331.437
166	330.886	369.72	331.453
167	330.909	369.823	331.476
168	330.94	370.064	331.507
169	330.959	370.132	331.526
170	331.003	370.515	331.57
171	331.021	370.527	331.588
172	331.036	370.539	331.604
173	331.052	370.549	331.619
174	331.097	370.907	331.664
175	331.113	370.919	331.681
176	331.158	371.274	331.726
177	331.174	371.286	331.742
178	331.205	371.4	331.774
179	331.273	371.764	331.842
180	331.304	372.005	331.874
181	331.32	372.017	331.89
182	331.366	372.187	331.935
183	331.394	372.285	331.964
184	331.424	372.497	331.995
185	332.721	372.846	333.294
186	332.752	372.959	333.326
187	332.793	373.333	333.367
188	332.826	373.448	333.4
189	332.858	373.563	333.431
190	332.926	373.926	333.5
191	332.942	373.939	333.516
192	332.987	374.291	333.561
193	333.055	374.656	333.63
194	333.124	375.021	333.699
195	333.174	375.372	333.751
196	333.223	375.539	333.8
197	333.269	375.893	333.847
198	333.287	375.905	333.865
199	333.304	375.917	333.882
200	333.334	376.155	333.912
201	333.377	376.333	333.956
202	333.421	376.5	334
203	333.437	376.512	334.017
204	333.453	376.523	334.033
205	333.486	376.563	334.066
206	333.518	376.574	334.098
207	333.533	376.586	334.113
208	333.55	376.598	334.131
209	333.599	376.943	334.179
210	333.626	377.042	334.208
211	333.664	377.093	334.246
212	333.708	377.259	334.291
213	333.754	377.667	334.337
214	333.81	377.717	334.393
215	333.829	377.785	334.413
216	333.861	378.026	334.444
217	333.878	378.04	334.462
218	333.894	378.082	334.478
219	333.922	378.116	334.506
220	333.939	378.129	334.523
221	333.983	378.31	334.568
222	334.557	378.414	335.142
223	334.573	378.427	335.158
224	334.603	378.637	335.188
225	334.634	378.75	335.219
226	334.649	378.762	335.235
227	334.667	378.78	335.253
228	334.682	378.791	335.268
229	334.75	379.152	335.336
230	334.785	379.381	335.371
231	336.082	379.731	336.67
232	336.132	379.9	336.721
233	336.746	380.065	337.336
234	336.786	380.331	337.376
235	336.802	380.344	337.393
236	336.846	380.698	337.437
237	336.891	380.867	337.483
238	336.937	381.037	337.529
239	336.969	381.152	337.562
240	337.026	381.458	337.619
241	337.058	381.574	337.652
242	337.088	381.785	337.682
243	337.118	381.996	337.713
244	337.156	382.136	337.75
245	337.202	382.495	337.797
246	337.246	382.661	337.842
247	337.278	382.902	337.874
248	337.862	383.036	338.459
249	337.91	383.366	338.508
250	337.942	383.608	338.541
251	337.959	383.62	338.558
252	338.027	383.984	338.627
253	339.257	384.27	339.86
254	340.498	384.557	341.104
255	340.529	384.798	341.136
256	340.546	384.842	341.153
257	340.577	384.854	341.184
258	340.628	385.203	341.235
259	340.672	385.587	341.28
260	340.718	385.847	341.326
261	340.76	386.187	341.369
262	340.792	386.303	341.402
263	340.823	386.415	341.433
264	340.841	386.428	341.451
265	340.889	386.772	341.499
266	340.908	386.823	341.519
267	340.939	386.936	341.549
268	340.994	386.986	341.605
269	341.04	387.339	341.651
270	341.071	387.453	341.683
271	341.121	387.802	341.733
272	341.189	388.167	341.802
273	341.236	388.573	341.849
274	341.252	388.586	341.866
275	341.267	388.597	341.881
276	341.311	388.979	341.925
277	341.343	389.221	341.958
278	341.374	389.432	341.989
279	341.405	389.636	342.02
280	341.45	389.988	342.065
281	341.481	390.224	342.096
282	341.519	390.528	342.135
283	342.115	390.665	342.731
284	342.132	390.709	342.749
285	342.149	390.722	342.766
286	342.196	391.028	342.813
287	342.214	391.04	342.832
288	342.258	391.221	342.876
289	342.276	391.234	342.894
290	342.306	391.461	342.924
291	342.336	391.663	342.954
292	342.953	391.829	343.572
293	342.984	392.065	343.603
294	343.028	392.449	343.647
295	343.622	392.558	344.243
296	343.69	392.922	344.311
297	343.736	393.093	344.358
298	343.768	393.334	344.39
299	343.784	393.346	344.406
300	344.414	393.522	345.037
301	344.433	393.585	345.056
302	344.486	393.797	345.109
303	344.526	393.938	345.149
304	344.595	394.302	345.219
305	344.627	394.417	345.251
306	344.658	394.532	345.282
307	344.704	394.937	345.329
308	345.981	395.283	346.607
309	345.999	395.296	346.626
310	346.043	395.478	346.67
311	346.089	395.832	346.716
312	346.154	396.153	346.782
313	346.17	396.166	346.799
314	346.186	396.181	346.815
315	346.217	396.421	346.846
316	346.263	396.777	346.892
317	346.291	396.876	346.921
318	346.342	397.224	346.972
319	346.381	397.527	347.011
320	346.397	397.541	347.028
321	346.464	397.901	347.096
322	346.484	397.969	347.116
323	346.516	397.981	347.148
324	346.559	398.363	347.192
325	346.591	398.605	347.224
326	346.63	398.907	347.263
327	346.672	399.246	347.306
328	346.704	399.489	347.338
329	346.731	399.523	347.366
330	346.763	399.765	347.398
331	346.779	399.777	347.414
332	346.794	399.788	347.429
333	346.833	399.929	347.526
334	346.865	400.169	347.654
335	347.076	400.227	348.183
336	347.108	400.339	348.265
337	347.154	400.697	348.333
338	348.45	401.048	349.632
339	348.481	401.256	349.664
340	348.501	401.317	349.684
341	348.544	401.562	349.727
342	348.589	401.616	349.773
343	348.62	401.829	349.804
344	348.688	402.194	349.873
345	348.706	402.207	349.891
346	348.722	402.222	349.907
347	348.753	402.462	349.939
348	348.799	402.814	349.985
349	348.844	402.996	350.03
350	348.876	403.237	350.063
351	348.891	403.249	350.078
352	349.052	403.298	350.239
353	349.075	403.407	350.263
354	349.119	403.574	350.307
355	349.15	403.81	350.339
356	350.417	404.153	351.607
357	350.485	404.516	351.676
358	350.554	404.879	351.746
359	350.594	405.021	351.787
360	350.625	405.133	351.818
361	350.956	405.196	352.149
362	350.972	405.209	352.165
363	350.988	405.224	352.181
364	351.018	405.462	352.212
365	351.05	405.702	352.244
366	351.066	405.746	352.26
367	351.082	405.759	352.276
368	351.112	405.871	352.307
369	351.157	406.224	352.352
370	351.203	406.583	352.398
371	351.221	406.596	352.417
372	351.576	406.69	352.771
373	352.871	407.041	354.07
374	352.89	407.06	354.089
375	352.928	407.11	354.126
376	354.141	407.344	355.34
377	354.173	407.356	355.373
378	354.195	407.437	355.395
379	354.227	407.449	355.427
380	354.282	407.498	355.482
381	354.3	407.51	355.5
382	354.346	407.702	355.547
383	354.414	408.067	355.615
384	354.431	408.11	355.633
385	354.499	408.473	355.701
386	354.545	408.826	355.747
387	354.573	408.861	355.776
388	354.611	409.163	355.815
389	354.661	409.33	355.865
390	354.692	409.443	355.896
391	354.85	409.492	356.055
392	354.867	409.508	356.072
393	354.882	409.519	356.088
394	354.9	409.531	356.106
395	354.919	409.598	356.124
396	354.935	409.614	356.141
397	354.965	409.726	356.171
398	354.997	409.967	356.203
399	355.015	409.98	356.221
400	355.052	410.03	356.258
401	355.069	410.074	356.298
402	355.103	410.114	356.368
403	355.237	410.479	356.463
404	355.277	410.491	356.481
405	384.407	441.853	385.176
406	384.475	442.217	385.245
407	384.52	442.385	385.29
408	384.55	442.499	385.322
409	384.568	442.512	385.339
410	384.612	442.896	385.384
411	384.662	443.244	385.434
412	384.707	443.426	385.479
413	384.774	443.746	385.547
414	384.79	443.758	385.564
415	386.023	444.076	386.799
416	387.341	444.449	388.119
417	387.39	444.616	388.169
418	387.437	444.785	388.216
419	387.456	444.836	388.235
420	387.501	445.19	388.28
421	387.518	445.234	388.298
422	387.562	445.618	388.342
423	387.627	445.936	388.408
424	387.659	446.049	388.44
425	387.689	446.261	388.471
426	387.706	446.305	388.488
427	387.749	446.483	388.531
428	387.794	446.837	388.577
429	387.825	447.074	388.608
430	387.856	447.187	388.639
431	388.429	447.292	389.213
432	388.461	447.407	389.246
433	388.479	447.42	389.263
434	388.506	447.453	389.291
435	388.653	447.485	389.438
436	388.67	447.497	389.456
437	388.689	447.564	389.475
438	390.077	447.955	390.863
439	390.093	447.967	390.88
440	390.137	448.351	390.924
441	390.157	448.412	390.945
442	390.175	448.424	390.963
443	390.19	448.437	390.978
444	390.259	448.801	391.047
445	390.291	448.813	391.08
446	390.337	448.982	391.125
447	390.956	449.149	391.746
448	390.994	449.379	391.784
449	391.033	449.674	391.824
450	392.244	449.907	393.037
451	392.287	450.087	393.081
452	392.332	450.269	393.127
453	392.401	450.631	393.196
454	392.419	450.644	393.214
455	392.436	450.655	393.231
456	392.484	450.961	393.279
457	392.527	451.279	393.323
458	392.573	451.633	393.369
459	392.59	451.649	393.386
460	392.635	451.819	393.432
461	392.653	451.832	393.451
462	392.67	451.843	393.468
463	392.716	452.199	393.514
464	392.785	452.562	393.583
465	392.801	452.575	393.6
466	392.847	452.978	393.646
467	394.146	453.327	394.947
468	394.177	453.441	394.979
469	394.195	453.46	394.997
470	394.26	453.777	395.062
471	394.277	453.79	395.079
472	394.308	454.03	395.111
473	394.347	454.333	395.15
474	394.396	454.5	395.2
475	394.435	454.639	395.239
476	394.452	454.683	395.256
477	394.467	454.695	395.272
478	394.506	454.989	395.311
479	394.522	455.002	395.327
480	394.555	455.042	395.361
481	394.6	455.426	395.406
482	394.618	455.439	395.424
483	394.647	455.45	395.453
484	394.715	455.812	395.522
485	394.746	456.023	395.553
486	395.958	456.257	396.767
487	395.994	456.505	396.804
488	396.01	456.517	396.821
489	396.042	456.758	396.852
490	396.058	456.77	396.868
491	396.089	457.01	396.9
492	396.107	457.023	396.918
493	396.175	457.384	396.986
494	396.195	457.445	397.007
495	396.227	457.686	397.038
496	396.243	457.7	397.055
497	396.311	458.063	397.123
498	396.356	458.417	397.169
499	396.403	458.587	397.216
500	396.434	458.814	397.247
501	396.454	458.874	397.268
502	396.519	459.192	397.333
503	396.537	459.205	397.352
504	396.605	459.566	397.42
505	396.651	459.92	397.467
506	396.696	460.086	397.512
507	396.712	460.098	397.529
508	396.731	460.165	397.548
509	397.361	460.341	398.178
510	397.377	460.354	398.195
511	398.674	460.701	399.493
512	398.692	460.714	399.511
513	398.747	460.764	399.567
514	398.796	461.11	399.616
515	398.827	461.322	399.648
516	398.859	461.562	399.68
517	398.875	461.575	399.696
518	398.905	461.786	399.727
519	398.936	461.899	399.758
520	398.981	462.282	399.802
521	399.004	462.385	399.826
522	399.042	462.524	399.864
523	399.061	462.543	399.883
524	399.077	462.586	399.9
525	399.109	462.826	399.932
526	399.14	463.068	400.01
527	399.171	463.281	400.087
528	399.19	463.349	400.134
529	399.234	463.734	400.244
530	399.262	463.769	400.315
531	399.294	464.01	400.393
532	399.359	464.262	400.556
533	399.399	464.565	400.653
534	399.467	464.927	400.739
535	399.5	465.136	400.772
536	399.55	465.487	400.823
537	399.567	465.499	400.84
538	399.598	465.739	400.872
539	399.646	466.08	400.92
540	399.678	466.195	400.953
541	400.783	466.425	402.058
542	400.814	466.637	402.09
543	400.845	466.75	402.121
544	400.864	466.818	402.14
545	402.147	467.165	403.425
546	402.178	467.399	403.457
547	402.222	467.565	403.501
548	402.254	467.68	403.534
549	402.272	467.694	403.552
550	402.288	467.705	403.568
551	402.357	468.067	403.637
552	402.388	468.181	403.669
553	402.435	468.589	403.715
554	403.019	468.696	404.3
555	403.059	469.058	404.34
556	403.077	469.072	404.359
557	403.093	469.114	404.375
558	403.132	469.417	404.414
559	403.149	469.431	404.431
560	403.164	469.443	404.447
561	403.212	469.606	404.494
562	403.257	469.796	404.54
563	403.304	470.204	404.587
564	403.353	470.552	404.637
565	403.403	470.896	404.687
566	403.448	471.078	404.733
567	403.499	471.093	404.785
568	403.53	471.333	404.816
569	403.548	471.346	404.834
570	403.578	471.356	404.864
571	403.623	471.709	404.91
572	403.67	472.117	404.957
573	403.703	472.233	404.99
574	403.731	472.268	405.018
575	403.75	472.336	405.038
576	403.766	472.348	405.054
577	403.793	472.382	405.081
578	403.811	472.394	405.099
579	403.85	472.756	405.138
580	403.881	472.968	405.17
581	405.147	473.308	406.44
582	405.197	473.475	406.49
583	405.242	473.859	406.535
584	405.273	473.973	406.567
585	405.292	474.041	406.587
586	405.36	474.407	406.655
587	405.378	474.419	406.674
588	405.447	474.781	406.743
589	405.492	474.948	406.788
590	405.535	475.126	406.832
591	405.568	475.242	406.865
592	405.601	475.47	406.899
593	405.646	475.854	406.943
594	405.694	476.017	406.992
595	405.726	476.259	407.025
596	405.795	476.622	407.094
597	405.834	476.764	407.134
598	405.866	476.878	407.166
599	405.884	476.895	407.184
600	405.913	477.096	407.214
601	405.949	477.327	407.25
602	405.967	477.339	407.268
603	406.135	477.703	407.336
604	406.175	477.716	407.353
605	406.251	477.828	407.429
606	406.32	477.862	407.499
607	406.401	477.974	407.58
608	407.291	478.079	408.513
609	407.322	478.189	408.546
610	407.341	478.208	408.564
611	407.358	478.22	408.582
612	407.407	478.567	408.631
613	407.424	478.583	408.648
614	407.48	478.933	408.704
615	407.526	479.285	408.75
616	407.558	479.526	408.783
617	407.626	479.89	408.851
618	407.646	479.956	408.872
619	407.691	480.312	408.917
620	407.723	480.553	408.95
621	407.762	480.695	408.989
622	409.061	481.044	410.29
623	409.101	481.186	410.331
624	409.131	481.422	410.362
625	409.18	481.589	410.411
626	409.236	481.639	410.468
627	409.269	481.848	410.501
628	409.285	481.861	410.517
629	409.331	482.03	410.563
630	409.37	482.334	410.603
631	409.401	482.448	410.635
632	409.451	482.795	410.685
633	409.467	482.808	410.702
634	409.499	483.049	410.733
635	409.547	483.215	410.782
636	409.594	483.62	410.83
637	409.663	483.984	410.899
638	409.691	484.083	410.928
639	409.729	484.134	410.966
640	409.776	484.539	411.013
641	409.794	484.553	411.032
642	409.826	484.793	411.064
643	409.873	484.987	411.111
644	409.905	485.229	411.144
645	409.973	485.591	411.212
646	410.001	485.69	411.241
647	410.069	486.052	411.31
648	410.102	486.294	411.343
649	410.133	486.506	411.374
650	410.164	486.747	411.406
651	410.196	486.86	411.437
652	410.396	486.901	411.638
653	410.414	486.913	411.656
654	411.709	487.262	412.951
655	411.741	487.504	412.984
656	411.779	487.555	413.022
657	412.995	487.843	414.241
658	413.052	487.893	414.298
659	413.08	487.992	414.327
660	413.119	488.287	414.366
661	413.188	488.653	414.436
662	413.207	488.667	414.455
663	414.464	489.002	415.717
664	414.496	489.244	415.749
665	414.565	489.609	415.818
666	414.616	489.961	415.87
667	415.921	490.31	417.178
668	415.953	490.551	417.211
669	415.992	490.693	417.251
670	416.009	490.706	417.268
671	416.054	491.058	417.313
672	416.094	491.199	417.354
673	416.139	491.491	417.4
674	416.171	491.703	417.431
675	416.188	491.717	417.449
676	416.811	491.884	418.073
677	416.856	492.215	418.118
678	416.888	492.329	418.151
679	416.934	492.499	418.197
680	416.981	492.67	418.244
681	417.027	493.029	418.291
682	417.06	493.041	418.324
683	417.078	493.053	418.342
684	417.109	493.166	418.373
685	417.155	493.57	418.42
686	417.196	493.811	418.462
687	417.215	493.824	418.481
688	417.258	494.135	418.524
689	417.326	494.502	418.593
690	417.347	494.563	418.615
691	417.375	494.597	418.643
692	417.407	494.712	418.676
693	417.452	495.096	418.72
694	417.497	495.286	418.767
695	417.526	495.321	418.796
696	417.543	495.364	418.813
697	417.561	495.377	418.831
698	417.606	495.546	418.878
699	417.625	495.56	418.898
700	417.644	495.572	418.915
701	417.683	495.867	418.954
702	417.714	495.98	418.986
703	417.734	496.049	419.005
704	417.765	496.289	419.037
705	417.782	496.303	419.055
706	417.801	496.32	419.073
707	417.847	496.674	419.119
708	418.048	496.714	419.32
709	419.34	497.06	420.615
710	419.371	497.174	420.647
711	419.387	497.187	420.663
712	420.001	497.351	421.278
713	420.034	497.467	421.311
714	420.102	497.833	421.38
715	420.171	498.197	421.449
716	421.468	498.548	422.748
717	421.486	498.561	422.767
718	421.532	498.731	422.813
719	421.563	498.962	422.844
720	421.582	499.025	422.864
721	421.627	499.382	422.909
722	421.644	499.394	422.926
723	421.675	499.507	422.957
724	421.719	499.675	423.002
725	421.751	499.789	423.035
726	421.798	499.982	423.082
727	421.867	500.347	423.151
728	421.912	500.73	423.198
729	421.94	500.765	423.227
730	421.968	500.8	423.256
731	421.986	500.812	423.272
732	422.031	501.001	423.316
733	422.077	501.357	423.363
734	422.11	501.599	424.029
735	422.129	501.668	424.077
736	422.145	501.68	424.118
737	422.174	501.714	424.187
738	422.207	501.829	424.267
739	422.319	502.019	424.379
740	422.396	502.133	424.458
741	422.49	502.272	424.552
742	422.535	502.285	424.597
743	422.659	502.643	424.706
744	423.642	502.83	425.605
745	423.67	502.864	425.633
746	423.687	502.878	425.651
747	423.719	502.992	425.683
748	423.751	503.235	425.716
749	423.797	503.404	425.762
750	423.826	503.439	425.791
751	423.858	503.681	425.823
752	425.07	503.914	427.036
753	425.088	503.928	427.055
754	425.133	504.281	427.1
755	425.166	504.396	427.133
756	425.185	504.465	427.153
757	425.234	504.813	427.202
758	425.266	505.054	427.235
759	425.312	505.462	427.281
760	425.381	505.824	427.351
761	425.413	505.938	427.383
762	425.43	505.95	427.401
763	425.448	505.962	427.418
764	425.492	506.346	427.463
765	425.51	506.359	427.481
766	425.556	506.529	427.527
767	425.588	506.77	427.56
768	425.618	506.999	427.591
769	425.651	507.114	427.623
770	425.695	507.281	427.668
771	425.712	507.294	427.685
772	425.777	507.611	427.751
773	425.853	507.973	427.827
774	425.885	508.089	427.86
775	425.932	508.26	427.907
776	425.963	508.498	427.939
777	425.994	508.71	427.97
778	426.039	508.878	428.015
779	426.07	509.118	428.047
780	427.279	509.351	429.257
781	427.326	509.546	429.304
782	427.359	509.661	429.338
783	427.375	509.678	429.354
784	427.414	509.973	429.393
785	427.454	510.115	429.434
786	427.5	510.469	429.48
787	427.568	510.835	429.549
788	427.584	510.848	429.566
789	427.6	510.859	429.582
790	427.627	510.892	429.609
791	427.661	510.932	429.643
792	428.733	511.128	430.716
793	430.032	511.475	432.015
794	430.064	511.716	432.048
795	430.082	511.729	432.066
796	430.114	511.969	432.098
797	430.137	512.072	432.121
798	430.169	512.188	432.153
799	430.185	512.204	432.17
800	430.201	512.216	432.186
801	430.219	512.228	432.204
802	430.247	512.328	432.231
803	430.278	512.441	432.263
804	430.306	512.476	432.291
805	430.375	512.84	432.36
806	430.418	513.019	432.405
807	430.458	513.315	432.445
808	430.498	513.456	432.486
809	430.53	513.698	432.519
810	430.547	513.742	432.536
811	430.563	513.755	432.552
812	430.631	514.119	432.62
813	430.701	514.485	432.69
814	430.935	514.543	432.903
815	430.99	514.891	432.952
816	431.011	514.91	432.972
817	431.051	514.925	432.988
818	431.091	514.937	433.004
819	431.135	514.949	433.022
820	431.245	515.332	433.067
821	431.411	515.694	433.136
822	432.746	515.889	434.212
823	432.79	516.2	434.257
824	432.807	516.213	434.274
825	432.839	516.328	434.306
826	432.857	516.341	434.324
827	432.888	516.58	434.356
828	432.92	516.696	434.389
829	432.966	517.051	434.435
830	433.035	517.416	434.504
831	434.173	517.724	435.644
832	434.192	517.743	435.663
833	434.23	518.046	435.702
834	434.826	518.183	436.3
835	434.843	518.199	436.317
836	434.887	518.582	436.361
837	434.933	518.936	436.408
838	434.98	519.129	436.455
839	434.997	519.142	436.473
840	435.029	519.257	436.505
841	435.059	519.495	436.536
842	435.109	519.758	436.585
843	435.125	519.77	436.603
844	435.156	519.883	436.634
845	435.225	520.249	436.703
846	435.241	520.261	436.72
847	435.288	520.432	436.766
848	435.304	520.445	436.783
849	435.353	520.791	436.832
850	435.377	520.895	436.857
851	435.395	520.92	436.875
852	435.413	520.933	436.893
853	435.481	521.297	436.961
854	435.498	521.31	436.979
855	435.515	521.321	436.996
856	435.546	521.558	437.027
857	435.668	521.725	437.077
858	435.803	521.743	437.132
859	435.925	522.087	437.181
860	436.006	522.1	437.214
861	436.081	522.33	437.245
862	436.121	522.344	437.261
863	436.231	522.514	437.306
864	436.303	522.846	437.345
865	436.358	523.089	437.4
866	436.397	523.392	437.44
867	436.429	523.502	437.472
868	436.497	523.865	437.541
869	436.516	523.878	437.56
870	436.547	524.117	437.592
871	436.579	524.358	437.624
872	436.595	524.371	437.641
873	436.613	524.382	437.658
874	436.63	524.395	437.676
875	436.742	524.576	437.721
876	436.856	524.936	437.768
877	436.935	525.05	437.8
878	437.042	525.229	437.844
879	437.12	525.343	437.876
880	437.242	525.688	437.925
881	437.283	525.704	437.943
882	437.393	526.087	437.987
883	439.011	526.321	439.203
884	439.043	526.435	439.235
885	439.089	526.607	439.282
886	439.108	526.621	439.3
887	439.136	526.655	439.328
888	439.152	526.667	439.345
889	439.197	527.018	439.391
890	439.245	527.182	439.439
891	439.29	527.348	439.485
892	439.323	527.59	439.518
893	439.35	527.689	439.546
894	439.389	527.828	439.679
895	439.417	527.863	439.835
896	439.464	528.222	440.071
897	439.495	528.336	440.186
898	439.564	528.698	440.357
899	439.632	529.063	440.528
900	439.701	529.425	440.676
901	439.718	529.438	440.693
902	439.749	529.45	440.725
903	439.796	529.857	440.771
904	439.845	530.202	440.822
905	439.914	530.568	440.892
906	439.947	530.778	440.925
907	439.979	531.019	440.957
908	440.025	531.19	441.004
909	440.057	531.304	441.036
910	440.103	531.663	441.083
911	440.122	531.677	441.102
912	440.166	531.858	441.147
913	440.199	531.87	441.18
914	440.216	531.882	441.198
915	440.254	532.111	441.236
916	440.272	532.125	441.255
917	440.289	532.168	441.272
918	440.358	532.532	441.354
919	440.375	532.545	441.395
920	440.414	532.839	441.492
921	440.482	533.204	441.663
922	441.715	533.491	443.215
923	441.743	533.526	443.245
924	441.764	533.587	443.265
925	441.794	533.599	443.296
926	441.839	533.95	443.342
927	441.885	534.119	443.387
928	441.903	534.133	443.406
929	441.949	534.302	443.452
930	442.284	534.366	443.789
931	442.316	534.607	443.821
932	442.335	534.659	443.84
933	442.353	534.673	443.858
934	442.369	534.684	443.874
935	442.418	534.849	443.923
936	442.579	534.9	444.085
937	442.607	534.998	444.114
938	442.64	535.114	444.146
939	442.678	535.165	444.185
940	442.698	535.234	444.205
941	442.774	535.599	444.28
942	442.806	535.713	444.313
943	442.822	535.725	444.329
944	442.853	535.838	444.361
945	442.869	535.85	444.377
946	442.915	536.258	444.424
947	444.13	536.493	445.64
948	444.174	536.876	445.686
949	444.22	537.059	445.732
950	444.252	537.173	445.764
951	444.27	537.186	445.783
952	444.301	537.397	445.814
953	444.332	537.511	445.845
954	444.361	537.522	445.875
955	444.393	537.763	445.907
956	444.411	537.777	445.925
957	444.443	538.017	445.957
958	444.475	538.133	445.989
959	444.491	538.145	446.005
960	444.522	538.258	446.036
961	444.554	538.502	446.068
962	444.598	538.885	446.113
963	445.185	539.02	446.7
964	445.23	539.405	446.746
965	445.246	539.418	446.763
966	445.291	539.8	446.808
967	445.337	540.159	446.855
968	445.393	540.209	446.911
969	445.425	540.451	446.945
970	445.472	540.86	446.992
971	445.491	540.911	447.011
972	445.614	541.257	447.061
973	445.786	541.62	447.131
974	445.956	541.987	447.201
975	446.108	542.23	447.263
976	446.186	542.345	447.328
977	446.276	542.687	447.764
978	446.346	543.051	447.937
979	446.378	543.164	448.16
980	446.409	543.377	448.238
981	446.447	543.428	448.333
982	446.51	543.778	448.49
983	446.556	544.132	448.604
984	446.585	544.231	448.675
985	446.614	544.435	448.75
986	446.633	544.449	448.795
987	446.677	544.833	448.906
988	446.721	545.178	448.951
989	446.767	545.534	448.998
990	446.784	545.55	449.015
991	446.803	545.618	449.035
992	446.819	545.631	449.051
993	446.885	545.948	449.116
994	446.902	545.961	449.133
995	446.932	545.972	449.164
996	446.955	546.074	449.187
997	446.974	546.138	449.206
998	447.008	546.179	449.24
999	447.026	546.193	449.259
1000	447.058	546.434	449.291
1001	447.092	546.475	449.325
1002	447.137	546.643	449.37
1003	447.165	546.676	449.399
1004	447.197	546.918	449.431
1005	447.25	547.034	449.464
1006	448.466	547.268	450.679
1007	448.535	547.631	450.749
1008	448.568	547.878	450.781
1009	448.6	547.89	450.814
1010	448.645	548.071	450.859
1011	448.691	548.261	450.906
1012	448.72	548.296	450.935
1013	448.736	548.309	450.952
1014	448.805	548.671	451.021
1015	448.837	548.913	451.055
1016	448.901	549.16	451.119
1017	448.918	549.176	451.137
1018	448.955	549.462	451.174
1019	448.984	549.497	451.203
1020	449.029	549.88	451.248
1021	449.061	550.123	451.281
1022	449.079	550.135	451.299
1023	449.098	550.153	451.318
1024	449.142	550.537	451.362
1025	449.175	550.653	451.397
1026	449.191	550.666	451.414
1027	449.208	550.678	451.43
1028	449.224	550.689	451.446
1029	449.27	550.993	451.492
1030	449.321	551.162	451.544
1031	449.338	551.175	451.562
1032	449.354	551.19	451.578
1033	449.373	551.208	451.596
1034	449.438	551.526	451.662
1035	449.458	551.594	451.682
1036	449.49	551.71	451.715
1037	449.508	551.724	451.733
1038	449.553	551.892	451.778
1039	449.598	552.082	451.824
1040	449.644	552.442	451.871
1041	449.673	552.477	451.9
1042	449.721	552.643	451.948
1043	449.768	552.948	451.996
1044	449.797	553.047	452.025
1045	450.394	553.185	452.622
1046	450.43	553.415	452.659
1047	450.475	553.799	452.705
1048	450.541	554.117	452.771
1049	450.571	554.32	452.802
1050	450.587	554.333	452.818
1051	450.619	554.573	452.85
1052	450.651	554.815	452.882
1053	450.699	555.123	452.931
1054	450.716	555.135	452.948
1055	450.744	555.169	452.976
1056	452.04	555.518	454.275
1057	452.072	555.632	454.307
1058	452.104	555.747	454.34
1059	452.149	556.06	454.384
1060	452.165	556.077	454.402
1061	452.183	556.089	454.419
1062	452.215	556.329	454.451
1063	452.232	556.342	454.468
1064	452.276	556.652	454.512
1065	452.308	556.893	454.545
1066	452.892	557	455.129
1067	452.938	557.256	455.176
1068	452.97	557.37	455.208
1069	453	557.602	455.239
1070	453.149	557.641	455.389
1071	453.167	557.657	455.406
1072	453.211	558.029	455.451
1073	453.258	558.434	455.499
1074	453.37	558.788	455.545
1075	453.45	559.029	455.578
1076	453.528	559.143	455.61
1077	453.607	559.385	455.642
1078	455.374	559.756	456.984
1079	455.392	559.769	457.003
1080	455.461	560.133	457.072
1081	455.482	560.193	457.093
1082	455.551	560.558	457.162
1083	455.571	560.577	457.183
1084	455.615	560.96	457.227
1085	455.635	561.027	457.248
1086	455.651	561.04	457.264
1087	455.698	561.344	457.311
1088	455.738	561.486	457.352
1089	455.776	561.801	457.391
1090	455.808	562.042	457.423
1091	455.877	562.406	457.493
1092	455.922	562.572	457.538
1093	455.966	562.951	457.583
1094	455.994	563.05	457.612
1095	456.037	563.351	457.655
1096	456.055	563.365	457.674
1097	456.094	563.607	457.714
1098	456.141	564.011	457.761
1099	456.174	564.127	457.795
1100	456.193	564.146	457.814
1101	456.225	564.388	457.846
1102	456.242	564.401	457.863
1103	456.26	564.419	457.881
1104	456.276	564.431	457.897
1105	456.325	564.776	457.947
1106	456.372	565.135	457.994
1107	456.423	565.325	458.046
1108	456.982	565.427	458.607
1109	457.011	565.462	458.636
1110	457.027	565.475	458.652
1111	457.05	565.578	458.675
1112	457.082	565.819	458.707
1113	457.099	565.835	458.724
1114	457.143	566.001	458.769
1115	457.164	566.062	458.79
1116	457.203	566.358	458.83
1117	457.248	566.742	458.875
1118	457.318	567.105	458.946
1119	457.347	567.14	458.975
1120	457.392	567.496	459.021
1121	457.438	567.665	459.067
1122	457.469	567.779	459.099
1123	457.522	567.797	459.152
1124	458.73	568.03	460.361
1125	458.763	568.272	460.394
1126	458.794	568.514	460.427
1127	458.863	568.878	460.497
1128	458.88	568.891	460.514
1129	458.896	568.903	460.53
1130	458.942	569.254	460.576
1131	458.982	569.55	460.617
1132	459	569.563	460.636
1133	459.047	569.967	460.682
1134	459.065	569.981	460.702
1135	459.105	570.276	460.741
1136	459.124	570.339	460.761
1137	459.193	570.705	460.831
1138	459.262	571.069	460.901
1139	459.296	571.297	460.936
1140	459.314	571.342	460.954
1141	459.356	571.584	460.986
1142	459.401	571.603	461.005
1143	459.445	571.615	461.022
1144	459.485	571.626	461.038
1145	459.526	571.638	461.055
1146	459.566	571.65	461.071
1147	459.635	571.684	461.099
1148	459.68	571.697	461.117
1149	459.849	572.058	461.185
1150	459.9	572.119	461.207
1151	460.011	572.288	461.252
1152	460.135	572.633	461.302
1153	460.176	572.65	461.32
1154	460.24	572.831	461.365
1155	460.272	572.947	461.398
1156	460.29	572.991	461.416
1157	460.334	573.376	461.461
1158	460.351	573.389	461.478
1159	460.37	573.456	461.497
1160	460.402	573.698	461.53
1161	460.421	573.712	461.548
1162	460.438	573.724	461.566
1163	460.478	574.026	461.605
1164	460.519	574.341	461.648
1165	460.539	574.41	461.668
1166	460.571	574.652	461.7
1167	460.588	574.665	461.717
1168	460.634	575.022	461.763
1169	460.67	575.035	461.781
1170	461.901	575.268	463.007
1171	463.185	575.616	464.294
1172	463.231	575.806	464.34
1173	463.3	576.168	464.41
1174	463.318	576.212	464.428
1175	463.334	576.225	464.444
1176	463.352	576.242	464.462
1177	463.368	576.255	464.478
1178	463.405	576.533	464.515
1179	463.45	576.917	464.561
1180	464.026	577.021	465.139
1181	464.071	577.406	465.185
1182	464.626	577.508	465.741
1183	464.672	577.698	465.787
1184	464.718	578.058	465.835
1185	465.995	578.403	467.115
1186	466.042	578.755	467.162
1187	466.059	578.8	467.18
1188	466.638	578.904	467.759
1189	466.669	579.117	467.791
1190	467.003	579.18	468.125
1191	467.033	579.384	468.155
1192	467.067	579.425	468.189
1193	467.113	579.833	468.236
1194	467.159	580.188	468.283
1195	467.197	580.475	468.322
1196	467.23	580.716	468.355
1197	467.261	580.83	468.387
1198	467.33	581.193	468.456
1199	467.36	581.205	468.487
1200	467.393	581.32	468.519
1201	467.425	581.561	468.552
1202	467.457	581.677	468.585
1203	467.497	581.818	468.625
1204	467.954	582.06	468.658
1205	469.059	582.166	469.232
1206	469.078	582.179	469.251
1207	469.097	582.247	469.27
1208	469.121	582.356	469.294
1209	469.153	582.472	469.327
1210	469.185	582.588	469.359
1211	469.254	582.954	469.428
1212	469.283	583.054	469.458
1213	469.352	583.42	469.527
1214	469.385	583.535	469.561
1215	470.485	583.764	470.663
1216	470.532	584.17	470.711
1217	470.578	584.524	470.758
1218	471.141	584.627	471.322
1219	471.173	584.743	471.355
1220	471.19	584.756	471.372
1221	471.208	584.768	471.39
1222	471.241	584.88	471.423
1223	471.273	585.122	471.456
1224	471.317	585.507	471.501
1225	471.334	585.52	471.518
1226	471.372	585.571	471.556
1227	471.418	585.761	471.603
1228	471.435	585.777	471.62
1229	472.104	585.964	472.29
1230	472.15	586.146	472.337
1231	472.17	586.212	472.358
1232	472.215	586.379	472.403
1233	473.47	586.708	473.659
1234	473.499	586.808	473.689
1235	473.531	586.923	473.722
1236	473.548	586.936	473.739
1237	474.799	587.256	474.992
1238	474.82	587.324	475.013
1239	474.866	587.729	475.06
1240	474.885	587.748	475.079
1241	476.16	588.092	476.357
1242	476.193	588.334	476.391
1243	476.211	588.347	476.409
1244	476.257	588.702	476.455
1245	476.303	589.057	476.502
1246	476.334	589.17	476.534
1247	476.352	589.183	476.552
1248	476.403	589.351	476.603
1249	476.45	589.712	476.651
1250	476.471	589.773	476.672
1251	476.514	589.952	476.716
1252	476.546	590.194	476.749
1253	476.575	590.229	476.777
1254	476.621	590.583	476.824
1255	476.638	590.628	476.842
1256	476.677	590.93	476.881
1257	476.734	590.981	476.939
1258	476.752	591.025	476.957
1259	476.769	591.038	476.975
1260	476.787	591.051	476.993
1261	476.856	591.414	477.062
1262	476.904	591.819	477.11
1263	476.949	592.002	477.156
1264	476.989	592.306	477.197
1265	477.007	592.32	477.216
1266	477.053	592.676	477.261
1267	477.122	593.039	477.332
1268	477.153	593.265	477.363
1269	477.17	593.278	477.38
1270	478.384	593.512	478.595
1271	478.401	593.524	478.612
1272	478.418	593.536	478.628
1273	478.487	593.898	478.697
1274	478.533	594.08	478.743
1275	478.565	594.322	478.777
1276	478.582	594.338	478.794
1277	478.6	594.35	478.811
1278	478.639	594.604	478.851
1279	478.658	594.618	478.87
1280	478.675	594.63	478.888
1281	478.722	594.799	478.935
1282	478.773	595.149	478.987
1283	478.806	595.391	479.02
1284	478.822	595.408	479.037
1285	478.854	595.521	479.068
1286	478.885	595.635	479.1
1287	478.918	595.749	479.132
1288	480.248	596.099	480.433
1289	480.875	596.269	481.061
1290	480.908	596.51	481.095
1291	480.926	596.524	481.113
1292	480.943	596.536	481.13
1293	480.994	596.886	481.182
1294	481.026	597.001	481.214
1295	481.07	597.311	481.258
1296	481.093	597.393	481.282
1297	481.162	597.756	481.351
1298	481.18	597.769	481.37
1299	481.197	597.782	481.386
1300	481.235	597.92	481.425
1301	481.264	597.956	481.454
1302	481.463	597.996	481.953
1303	481.495	598.237	482.033
1304	481.512	598.25	482.075
1305	482.858	598.593	483.521
1306	482.928	598.957	483.592
1307	482.96	599.071	483.624
1308	482.98	599.14	483.644
1309	483.016	599.38	483.68
1310	483.035	599.394	483.7
1311	483.051	599.406	483.716
1312	483.079	599.504	483.744
1313	483.126	599.675	483.791
1314	483.154	599.711	483.821
1315	483.173	599.725	483.839
1316	483.189	599.737	483.856
1317	483.516	599.753	483.872
1318	483.939	600.134	483.917
1319	484.019	600.376	483.95
1320	484.096	600.61	483.981
1321	484.224	600.961	484.033
1322	484.322	601.103	484.074
1323	484.449	601.272	484.126
1324	484.558	601.452	484.171
1325	484.729	601.815	484.241
1326	484.776	601.834	484.26
1327	484.794	601.847	484.278
1328	484.831	602.136	484.316
1329	484.848	602.149	484.333
1330	484.864	602.162	484.349
1331	484.933	602.174	484.366
1332	484.971	602.313	484.404
1333	485.018	602.672	484.452
1334	485.035	602.689	484.47
1335	485.067	602.927	484.501
1336	485.15	603.285	484.548
1337	485.191	603.298	484.566
1338	485.362	603.663	484.635
1339	485.41	603.682	484.655
1340	485.535	604.031	484.706
1341	485.566	604.145	484.739
1342	485.585	604.158	484.757
1343	485.605	604.218	484.777
1344	485.674	604.582	484.846
1345	485.705	604.696	484.878
1346	485.745	604.992	484.919
1347	485.792	605.352	484.966
1348	485.837	605.736	485.012
1349	485.869	605.851	485.045
1350	485.901	606.092	485.077
1351	485.946	606.282	485.123
1352	485.965	606.296	485.143
1353	485.997	606.537	485.175
1354	486.043	606.89	485.221
1355	486.088	607.274	485.267
1356	486.121	607.516	485.301
1357	486.15	607.552	485.33
1358	486.181	607.666	485.362
1359	486.233	607.679	485.379
1360	486.344	608.062	485.424
1361	486.517	608.426	485.494
1362	486.689	608.79	485.565
1363	486.753	609.032	485.598
1364	486.816	609.244	485.63
1365	486.927	609.303	485.686
1366	486.96	609.315	485.704
1367	487.048	609.482	485.749
1368	488.368	609.831	487.038
1369	488.385	609.843	487.055
1370	488.404	609.856	487.074
1371	488.432	609.954	487.102
1372	488.464	610.196	487.135
1373	488.511	610.554	487.182
1374	488.581	610.919	487.252
1375	488.614	611.035	487.286
1376	488.66	611.388	487.332
1377	488.677	611.401	487.35
1378	489.259	611.506	487.932
1379	489.292	611.622	487.966
1380	489.646	611.718	488.321
1381	489.675	611.753	488.35
1382	489.726	612.104	488.401
1383	489.771	612.488	488.447
1384	489.788	612.502	488.465
1385	489.804	612.514	488.481
1386	489.823	612.531	488.5
1387	489.891	612.896	488.569
1388	489.924	613.138	488.603
1389	489.942	613.152	488.621
1390	489.974	613.265	488.653
1391	489.991	613.282	488.67
1392	490.059	613.643	489.107
1393	491.378	614.017	490.787
1394	491.411	614.03	490.82
1395	491.442	614.143	490.852
1396	492.544	614.353	491.957
1397	492.562	614.37	491.975
1398	492.613	614.384	492.026
1399	492.644	614.498	492.058
1400	492.679	614.728	492.094
1401	492.712	614.971	492.127
1402	492.756	615.212	492.171
1403	492.775	615.232	492.191
1404	492.836	615.577	492.253
1405	492.857	615.645	492.273
1406	492.902	615.836	492.319
1407	492.942	616.132	492.359
1408	493.011	616.498	492.429
1409	493.594	616.604	493.013
1410	493.639	616.989	493.059
1411	493.679	617.293	493.1
1412	493.749	617.657	493.17
1413	493.782	617.774	493.204
1414	493.81	617.873	493.232
1415	493.879	618.235	493.302
1416	493.912	618.353	493.336
1417	494.557	618.533	493.981
1418	494.577	618.552	494.001
1419	494.594	618.596	494.019
1420	494.634	618.892	494.058
1421	494.658	619.001	494.083
1422	494.69	619.243	494.116
1423	494.72	619.255	494.146
1424	494.766	619.424	494.193
1425	494.799	619.54	494.226
1426	494.839	619.896	494.266
1427	494.871	619.909	494.299
1428	494.903	620.018	494.331
1429	494.919	620.031	494.348
1430	494.937	620.043	494.365
1431	494.955	620.055	494.384
1432	494.985	620.066	494.413
1433	495.003	620.079	494.431
1434	495.049	620.433	494.478
1435	495.068	620.446	494.497
1436	495.114	620.854	494.544
1437	495.163	621.211	494.593
1438	496.377	621.446	495.808
1439	496.446	621.81	495.879
1440	496.465	621.824	495.898
1441	496.481	621.837	495.915
1442	496.523	622.148	495.956
1443	496.54	622.161	495.974
1444	496.572	622.276	496.006
1445	496.589	622.289	496.023
1446	496.607	622.301	496.041
1447	496.625	622.314	496.059
1448	496.657	622.554	496.092
1449	496.688	622.791	496.123
1450	496.721	622.907	496.156
1451	496.79	623.271	496.226
1452	496.808	623.316	496.245
1453	496.877	623.68	496.597
1454	496.924	624.035	496.714
1455	496.944	624.104	496.893
1456	496.987	624.422	497.13
1457	497.033	624.784	497.23
1458	497.065	624.996	497.541
1459	497.081	625.009	497.759
1460	497.128	625.18	497.876
1461	497.16	625.294	498.019
1462	497.216	625.345	498.295
1463	498.355	625.654	499.876
1464	498.399	625.834	499.921
1465	498.446	626.004	499.969
1466	498.496	626.171	500.019
1467	498.535	626.312	500.059
1468	498.592	626.364	500.117
1469	498.662	626.726	500.187
1470	498.679	626.743	500.205
1471	498.699	626.811	500.225
1472	498.716	626.828	500.242
1473	498.763	627.233	500.289
1474	498.814	627.403	500.341
1475	498.831	627.416	500.358
1476	498.928	627.719	500.398
1477	499.052	628.064	500.449
1478	499.248	628.116	500.507
1479	499.328	628.358	500.541
1480	499.374	628.371	500.562
1481	499.468	628.676	500.6
1482	499.515	628.696	500.643
1483	499.588	628.71	500.7
1484	499.665	628.922	500.731
1485	500.73	629.028	501.607
1486	500.763	629.27	501.64
1487	500.809	629.624	501.687
1488	501.402	629.731	502.281
1489	501.433	629.969	502.313
1490	501.473	630.265	502.353
1491	501.521	630.674	502.401
1492	501.553	630.916	502.435
1493	501.623	631.281	502.504
1494	501.654	631.519	502.537
1495	501.674	631.585	502.557
1496	502.814	631.893	503.698
1497	502.861	632.25	503.745
1498	502.894	632.492	503.779
1499	502.941	632.897	503.826
1500	502.97	632.932	503.856
1501	503.015	633.317	503.901
1502	503.047	633.431	503.934
1503	503.069	633.514	503.957
1504	503.108	633.566	503.996
1505	503.136	633.6	504.024
1506	503.156	633.667	504.044
1507	503.174	633.681	504.062
1508	503.83	633.865	504.719
1509	503.848	633.879	504.738
1510	503.888	634.183	504.808
1511	503.935	634.355	504.925
1512	503.964	634.391	504.997
1513	504.032	634.757	505.355
1514	504.051	634.771	505.402
1515	504.102	635.122	505.53
1516	504.124	635.183	505.583
1517	504.164	635.326	505.683
1518	504.209	635.711	505.798
1519	504.249	636.015	505.897
1520	504.296	636.421	505.978
1521	504.329	636.434	506.012
1522	504.368	636.573	506.05
1523	504.387	636.593	506.07
1524	504.419	636.708	506.103
1525	504.452	636.95	506.158
1526	504.485	637.067	506.244
1527	504.517	637.309	506.277
1528	504.585	637.674	506.347
1529	504.625	637.814	506.394
1530	504.67	637.997	506.45
1531	504.719	638.162	506.562
1532	504.752	638.278	506.602
1533	504.782	638.29	506.638
1534	504.851	638.656	506.757
1535	504.883	638.898	506.839
1536	504.935	639.248	506.967
1537	504.98	639.415	507.08
1538	505.026	639.584	507.155
1539	505.043	639.597	507.173
1540	505.149	639.657	507.194
1541	505.391	639.899	507.226
1542	505.433	639.912	507.243
1543	505.474	639.928	507.26
1544	505.906	640.095	507.305
1545	506.075	640.263	507.351
1546	507.763	640.523	508.558
1547	507.798	640.564	508.593
1548	507.864	640.893	508.659
1549	507.91	641.527	508.707
1550	509.163	641.872	509.962
1551	509.18	641.885	509.98
1552	509.196	641.897	509.996
1553	509.228	642.011	510.028
1554	509.297	642.381	510.098
1555	509.329	642.612	510.13
1556	509.349	642.674	510.151
1557	509.391	643.006	510.193
1558	509.443	643.022	510.246
1559	509.461	643.034	510.264
1560	509.5	643.176	510.302
1561	509.55	643.438	510.353
1562	509.583	643.728	510.387
1563	509.599	643.755	510.404
1564	509.616	643.768	510.42
1565	509.665	643.937	510.47
1566	509.698	644.181	510.504
1567	509.743	644.532	510.549
1568	509.776	644.776	510.583
1569	509.804	644.877	510.986
1570	509.849	645.268	511.903
1571	509.882	645.28	512.488
1572	509.913	645.39	512.822
1573	509.941	645.491	512.893
1574	509.988	645.664	513.023
1575	510.007	645.677	513.128
1576	510.581	645.783	514.162
1577	510.62	645.835	514.202
1578	510.637	645.848	514.22
1579	510.683	646.207	514.266
1580	510.715	646.741	514.3
1581	510.744	646.82	514.328
1582	510.776	646.849	514.361
1583	510.823	647.191	514.409
1584	510.868	647.371	514.454
1585	511.926	647.567	515.514
1586	511.994	647.932	515.583
1587	512.013	647.945	515.602
1588	512.044	648.058	515.634
1589	512.077	648.175	515.667
1590	512.109	648.291	515.7
1591	512.126	648.304	515.717
1592	512.182	648.354	515.773
1593	512.214	648.469	515.806
1594	512.233	648.483	515.825
1595	512.273	648.624	515.865
1596	512.32	649.033	515.913
1597	512.353	649.275	515.947
1598	512.399	649.629	515.993
1599	512.417	649.643	516.013
1600	512.457	649.946	516.052
1601	512.497	650.248	516.093
1602	512.528	650.486	516.125
1603	512.56	650.727	516.158
1604	512.579	650.74	516.177
1605	512.627	651.08	516.225
1606	512.695	651.445	516.295
1607	512.742	651.804	516.343
1608	512.762	651.873	516.387
1609	512.782	651.942	516.407
1610	512.838	651.993	516.464
1611	512.957	652.235	516.513
1612	512.99	652.248	516.546
1613	513.031	652.259	516.577
1614	513.205	652.273	516.622
1615	513.376	652.638	516.795
1616	513.457	652.88	516.877
1617	513.581	653.227	517.001
1618	513.746	653.611	517.092
1619	513.823	653.843	517.155
1620	513.872	653.911	517.194
1621	513.95	654.123	517.257
1622	513.996	654.137	517.294
1623	514.041	654.15	517.33
1624	514.121	654.392	517.395
1625	514.292	654.756	517.507
1626	514.334	654.773	517.534
1627	514.473	654.824	517.622
1628	514.555	655.181	517.696
1629	514.573	655.195	517.724
1630	514.641	655.556	517.832
1631	514.687	655.726	517.892
1632	514.721	655.959	517.936
1633	514.848	656.201	518.01
1634	514.895	656.213	518.049
1635	514.993	656.508	518.509
1636	515.163	656.875	518.681
1637	515.316	657.226	519.152
1638	515.416	657.631	519.272
1639	516.174	657.738	520.373
1640	516.219	658.123	520.419
1641	516.266	658.483	520.467
1642	516.342	658.846	520.544
1643	516.359	658.859	520.562
1644	516.39	659.092	520.593
1645	516.591	659.133	520.794
1646	516.66	659.495	520.864
1647	516.717	659.546	520.921
1648	516.735	659.56	520.94
1649	516.752	659.572	520.957
1650	516.783	659.685	520.988
1651	516.83	660.047	521.035
1652	516.876	660.217	521.082
1653	516.893	660.236	521.1
1654	516.912	660.255	521.119
1655	516.963	660.604	521.171
1656	516.995	660.717	521.203
1657	517.027	660.96	521.236
1658	517.044	660.973	521.253
1659	517.078	661.202	521.287
1660	517.122	661.382	521.331
1661	517.192	661.748	521.402
1662	517.209	661.762	521.419
1663	517.228	661.825	521.439
1664	517.274	661.994	521.484
1665	517.293	662.007	521.504
1666	517.494	662.056	521.705
1667	517.555	662.398	521.767
1668	517.625	662.763	521.838
1669	517.658	662.879	521.872
1670	517.678	662.945	521.892
1671	517.824	662.977	522.038
1672	517.841	662.99	522.055
1673	517.872	663.227	522.087
1674	517.888	663.24	522.104
1675	517.908	663.308	522.124
1676	517.954	663.665	522.17
1677	517.972	663.681	522.189
1678	517.988	663.694	522.205
1679	518.038	663.86	522.255
1680	518.055	663.877	522.273
1681	518.124	664.241	522.342
1682	518.143	664.256	522.361
1683	518.189	664.61	522.408
1684	518.219	664.814	522.439
1685	518.251	664.93	522.472
1686	518.321	665.296	522.542
1687	518.354	665.538	522.576
1688	518.382	665.572	522.604
1689	518.413	665.785	522.668
1690	518.435	665.846	522.689
1691	518.468	665.962	522.722
1692	518.54	666.267	522.767
1693	518.609	666.631	522.849
1694	518.655	667.017	522.921
1695	518.688	667.258	522.959
1696	518.736	667.423	523.055
1697	519.87	667.668	524.238
1698	519.902	667.881	524.271
1699	519.934	668.123	524.304
1700	519.953	668.137	524.323
1701	519.971	668.15	524.341
1702	519.989	668.162	524.359
1703	520.035	668.516	524.406
1704	520.105	668.884	524.476
1705	520.581	668.898	524.495
1706	520.903	668.91	524.512
1707	520.979	669.137	524.543
1708	521.155	669.522	524.589
1709	521.215	669.536	524.608
1710	521.286	669.634	524.637
1711	521.404	669.938	524.685
1712	521.45	669.952	524.704
1713	521.559	670.13	524.748
1714	521.605	670.144	525.019
1715	521.714	670.391	525.333
1716	521.757	670.405	525.659
1717	521.814	670.44	526.004
1718	521.893	670.494	526.105
1719	522.032	670.86	526.412
1720	522.124	671.214	526.528
1721	522.204	671.561	526.665
1722	522.222	671.606	526.71
1723	522.267	671.789	526.824
1724	522.286	671.803	526.871
1725	522.304	671.816	526.917
1726	522.356	672.164	527.046
1727	522.375	672.178	527.093
1728	522.407	672.293	527.175
1729	522.427	672.359	527.224
1730	522.446	672.373	527.27
1731	522.492	672.542	527.386
1732	522.569	672.908	527.474
1733	522.605	673.137	527.512
1734	522.624	673.151	527.531
1735	522.666	673.392	527.564
1736	522.698	673.633	527.597
1737	522.729	673.865	527.628
1738	522.799	674.229	527.735
1739	522.858	674.243	527.754
1740	522.9	674.256	527.794
1741	522.988	674.299	527.812
1742	523.051	674.313	527.853
1743	523.13	674.426	527.932
1744	523.247	674.836	528.051
1745	523.344	675.073	528.15
1746	523.394	675.142	528.2
1747	523.436	675.159	528.237
1748	523.55	675.34	528.329
1749	523.699	675.704	528.468
1750	523.761	675.932	528.531
1751	523.803	675.945	528.565
1752	523.891	675.958	528.601
1753	523.926	676.002	528.636
1754	524.098	676.369	528.706
1755	524.169	676.469	528.735
1756	524.359	676.831	528.813
1757	524.384	676.846	528.832
1758	525.682	677.195	530.134
1759	525.727	677.508	530.179
1760	525.774	677.917	530.228
1761	525.793	677.937	530.247
1762	525.813	678.006	530.268
1763	525.846	678.019	530.301
1764	525.878	678.26	530.336
1765	525.919	678.516	530.377
1766	525.936	678.529	530.395
1767	525.981	678.697	530.44
1768	526.031	678.864	530.492
1769	526.048	678.878	530.509
1770	526.066	678.921	530.527
1771	526.112	679.274	530.574
1772	526.129	679.287	530.592
1773	527.146	679.478	531.61
1774	527.196	679.645	531.66
1775	527.247	679.814	531.712
1776	527.295	679.987	531.76
1777	527.365	680.353	531.832
1778	527.422	680.404	531.889
1779	527.439	680.418	531.907
1780	527.752	680.431	531.923
1781	527.851	680.572	531.964
1782	527.991	680.623	532.021
1783	528.103	681.007	532.068
1784	528.184	681.22	532.1
1785	528.227	681.237	532.118
1786	528.278	681.256	532.137
1787	528.422	681.497	532.169
1788	528.534	681.882	532.215
1789	528.647	682.266	532.262
1790	528.718	682.302	532.292
1791	528.791	682.416	532.371
1792	528.867	682.626	532.575
1793	528.909	682.641	532.9
1794	528.982	682.754	532.979
1795	529.057	682.767	533.061
1796	529.156	683.151	533.241
1797	529.222	683.268	533.325
1798	529.372	683.632	533.514
1799	529.405	683.646	533.556
1800	529.543	684.013	533.729
1801	529.582	684.229	533.808
1802	529.599	684.275	533.831
1803	529.617	684.289	533.849
1804	529.701	684.639	533.901
1805	529.77	685.004	533.971
1806	529.827	685.357	534.03
1807	529.883	685.372	534.049
1808	529.938	685.385	534.068
1809	531.06	685.491	534.666
1810	531.13	686.125	534.736
1811	531.175	686.792	534.782
1812	531.196	686.806	534.8
1813	531.214	686.818	534.818
1814	531.245	686.932	534.85
1815	531.277	687.047	534.882
1816	531.309	687.546	534.915
1817	531.34	687.576	534.947
1818	532.557	687.869	536.164
1819	532.61	688.219	536.217
1820	532.643	688.232	536.251
1821	532.674	688.444	536.282
1822	532.724	688.611	536.333
1823	532.771	688.965	536.381
1824	532.788	688.978	536.399
1825	532.828	689.282	536.439
1826	532.86	689.522	536.472
1827	532.879	689.536	536.491
1828	532.896	689.548	536.507
1829	532.965	689.913	536.577
1830	532.982	689.927	536.595
1831	533.02	690.218	536.634
1832	533.066	690.401	536.681
1833	533.113	690.756	536.729
1834	534.416	691.106	538.031
1835	534.449	691.222	538.065
1836	534.481	691.463	538.098
1837	534.548	691.719	538.165
1838	534.588	691.859	538.205
1839	534.62	691.871	538.239
1840	535.758	692.179	539.378
1841	535.791	692.422	539.412
1842	535.808	692.437	539.429
1843	535.841	692.552	539.462
1844	535.873	692.757	539.495
1845	535.923	692.924	539.545
1846	535.97	693.096	539.593
1847	536.022	693.446	539.646
1848	536.041	693.46	539.666
1849	536.102	693.702	539.698
1850	536.677	693.808	540.273
1851	536.71	694.052	540.306
1852	536.742	694.294	540.339
1853	536.774	694.408	540.371
1854	536.793	694.428	540.391
1855	536.862	694.79	540.693
1856	536.879	694.803	540.711
1857	536.948	695.168	540.884
1858	536.994	695.358	541
1859	537.011	695.372	541.168
1860	537.073	695.489	541.27
1861	537.233	695.853	541.445
1862	537.309	696.095	541.527
1863	538.956	696.448	542.919
1864	538.988	696.562	542.952
1865	539.006	696.576	542.971
1866	539.026	696.644	542.991
1867	540.3	696.988	544.267
1868	540.348	697.327	544.316
1869	540.396	697.632	544.364
1870	540.414	697.676	544.383
1871	540.454	697.819	544.423
1872	540.524	698.186	544.494
1873	540.543	698.2	544.514
1874	540.575	698.441	544.546
1875	540.594	698.459	544.566
1876	540.611	698.472	544.582
1877	540.629	698.49	544.601
1878	540.669	698.631	544.642
1879	540.722	698.981	544.7
1880	540.768	699.333	544.747
1881	540.8	699.448	544.78
1882	540.833	699.564	544.814
1883	540.886	699.581	544.866
1884	540.904	699.595	544.884
1885	540.973	699.961	544.954
1886	542.099	700.264	546.08
1887	542.132	700.477	546.113
1888	542.177	700.861	546.158
1889	542.206	700.961	546.188
1890	542.223	700.978	546.206
1891	542.244	701.046	546.23
1892	542.278	701.059	546.261
1893	542.311	701.174	546.294
1894	542.343	701.289	546.327
1895	542.361	701.302	546.344
1896	542.377	701.315	546.362
1897	542.447	701.681	546.431
1898	542.479	701.795	546.465
1899	543.064	701.903	547.051
1900	543.081	701.916	547.069
1901	543.114	702.031	547.102
1902	543.134	702.099	547.122
1903	543.185	702.269	547.174
1904	543.223	702.55	547.213
1905	543.24	702.563	547.23
1906	543.411	702.576	547.249
1907	543.629	702.61	547.277
1908	543.729	702.918	547.317
1909	543.916	702.954	547.346
1910	543.961	702.968	547.365
1911	544.073	703.135	547.41
1912	544.247	703.732	547.784
1913	544.289	703.763	547.827
1914	544.341	703.976	547.879
1915	544.42	704.363	548.174
1916	544.499	704.639	548.348
1917	544.618	704.967	548.504
1918	544.664	705.134	548.617
1919	544.696	705.247	548.868
1920	545.328	705.425	549.782
1921	546.582	705.761	551.041
1922	546.599	705.774	551.059
1923	546.632	705.889	551.092
1924	546.649	705.903	551.109
1925	546.694	706.286	551.155
1926	547.99	706.636	552.453
1927	548.009	706.65	552.472
1928	549.225	706.938	553.69
1929	549.271	707.108	553.736
1930	549.303	707.222	553.769
1931	549.32	707.236	553.786
1932	549.388	707.601	553.855
1933	549.421	707.716	553.888
1934	549.497	708.08	553.959
1935	549.528	708.093	553.99
1936	549.546	708.106	554.008
1937	549.596	708.272	554.058
1938	549.628	708.384	554.091
1939	549.645	708.397	554.108
1940	549.714	708.763	554.178
1941	549.759	708.93	554.224
1942	549.792	709.173	554.258
1943	549.809	709.187	554.275
1944	549.849	709.481	554.315
1945	549.866	709.495	554.333
1946	550.111	709.608	554.365
1947	550.527	709.927	554.431
1948	551.638	710.035	555.018
1949	551.655	710.048	555.035
1950	551.695	710.352	555.075
1951	553.018	710.7	556.366
1952	581.367	743.024	585.498
1953	581.399	743.138	585.531
1954	581.417	743.152	585.55
1955	581.469	743.506	585.603
1956	581.501	743.887	585.636
1957	581.547	744.416	585.682
1958	581.587	744.721	585.724
1959	581.619	744.835	585.757
1960	581.64	744.896	585.779
1961	581.669	744.932	585.809
1962	581.739	745.299	585.88
1963	581.756	745.312	585.898
1964	581.826	745.676	585.971
1965	581.871	745.991	586.017
1966	581.888	746.008	586.035
1967	581.921	746.021	586.069
1968	581.94	746.035	586.088
1969	582.008	746.399	586.159
1970	582.041	746.638	586.192
1971	582.06	746.658	586.212
1972	582.092	746.899	586.246
1973	582.138	747.066	586.293
1974	582.17	747.309	586.326
1975	583.42	747.645	587.584
1976	583.442	747.706	587.606
1977	583.481	748.01	587.647
1978	583.513	748.236	587.679
1979	583.564	748.584	587.731
1980	583.598	748.825	587.766
1981	583.615	748.843	587.784
1982	583.66	749.224	587.83
1983	583.808	749.257	587.981
1984	583.828	749.308	588.002
1985	583.867	749.601	588.043
1986	583.899	749.715	588.076
1987	583.923	749.819	588.101
1988	583.94	749.833	588.119
1989	583.972	750.075	588.153
1990	583.99	750.119	588.172
1991	584.06	750.484	588.244
1992	584.079	750.498	588.264
1993	584.11	750.737	588.296
1994	584.179	751.099	588.392
1995	584.22	751.396	588.493
1996	584.422	751.446	588.893
1997	584.455	751.562	588.927
1998	584.488	751.805	588.961
1999	584.527	752.132	589.002
2000	584.597	752.496	589.075
