1	58.89	65.1243	61.4091
2	77.6694	87.1239	81.0493
3	96.6161	87.4701	82.3517
4	110.44	102.149	96.1274
5	128.959	102.33	96.7847
6	153.571	102.462	97.3728
7	153.59	116.16	111.765
8	153.609	129.439	125.632
9	169.207	129.783	126.936
10	169.255	130.153	128.26
11	187.048	143.545	142.076
12	216.413	143.555	142.107
13	226.909	143.564	142.136
14	241.613	157.743	155.408
15	260.145	158.086	158.78
16	260.206	158.193	159.369
17	260.266	171.994	170.231
18	261.28	198.787	194.732
19	275.916	199.022	195.953
20	276.283	199.355	197.206
21	276.308	199.594	200.529
22	276.319	199.768	202.16
23	276.35	199.934	202.79
24	289.24	200.277	203.134
25	289.959	200.618	203.477
26	290.103	200.851	203.71
27	290.116	201.085	203.943
28	290.584	201.095	203.975
29	291.307	211.493	214.524
30	305.909	211.839	214.872
31	305.92	224.842	227.423
32	306.371	225.188	227.77
33	316.688	225.42	228.004
34	317.03	225.437	228.055
35	317.04	225.783	228.402
36	317.892	225.815	228.551
37	317.987	225.828	228.6
38	318.007	226.119	228.893
39	318.984	226.281	229.054
40	319.72	226.565	229.34
41	320.156	226.67	230.949
42	320.193	226.68	230.981
43	320.226	226.695	231.078
44	349.461	226.705	231.109
45	350.332	226.808	231.212
46	350.706	227.151	231.562
47	350.731	240.29	244.444
48	350.751	240.53	244.683
49	351.217	240.88	245.036
50	352.07	240.893	245.049
51	352.129	240.905	245.093
52	352.143	268.157	269.523
53	352.997	280.04	280.911
54	353.03	280.274	281.145
55	353.41	280.304	281.292
56	353.429	280.649	282.585
57	353.488	280.942	282.88
58	354.466	280.953	282.927
59	355.384	281.295	283.27
60	356.297	281.58	283.556
61	356.392	281.927	284.862
62	356.806	282.087	285.023
63	371.655	282.433	288.282
64	371.673	282.651	288.5
65	371.78	282.708	288.712
66	372.699	282.822	288.826
67	372.729	283.17	289.175
68	372.741	283.516	289.522
69	372.989	283.62	289.627
70	373.439	283.905	289.913
71	374.288	284.079	290.087
72	375.143	284.311	290.319
73	376.032	284.55	290.559
74	376.064	284.609	290.58
75	376.09	284.62	290.589
76	376.103	284.922	291.722
77	376.568	285.256	292.058
78	376.59	285.36	292.162
79	377.51	285.371	292.174
80	377.542	298.955	306.218
81	377.694	299.342	306.607
82	377.945	299.373	306.983
83	378.868	299.453	307.321
84	379.257	299.616	307.484
85	379.695	299.85	307.718
86	379.715	299.897	307.766
87	380.564	300.125	307.994
88	380.602	300.41	308.28
89	380.64	300.423	308.298
90	380.739	300.656	308.531
91	381.108	301.002	308.879
92	381.355	301.236	309.114
93	381.374	301.369	309.248
94	382.086	301.381	309.26
95	382.099	301.392	309.289
96	396.083	301.741	309.639
97	396.107	301.847	309.745
98	396.96	302.012	309.911
99	397.391	302.023	309.943
100	397.415	302.403	310.324
101	397.453	302.785	310.708
102	398.372	303.128	311.052
103	398.391	303.139	311.063
104	399.363	303.486	311.412
105	399.479	303.536	311.463
106	399.84	303.64	311.567
107	400.751	303.981	311.91
108	401.624	304.31	312.24
109	401.645	304.34	312.27
110	402.075	304.51	312.459
111	402.993	304.881	312.83
112	403.019	304.995	312.945
113	403.032	305.007	312.991
114	403.056	305.201	314.065
115	403.094	305.569	314.435
116	421.96	305.803	314.668
117	422.932	306.152	315.019
118	423.293	306.256	315.123
119	442.253	327.591	334.055
120	442.279	327.827	335.278
121	442.303	327.932	335.384
122	442.328	328.167	335.617
123	442.36	328.451	335.903
124	442.491	328.499	336.106
125	442.871	328.614	336.22
126	442.884	328.625	336.232
127	442.897	328.672	336.433
128	443.273	328.778	336.538
129	443.298	328.884	336.645
130	444.228	329.23	337.933
131	444.242	329.292	338.268
132	444.255	329.303	338.278
133	444.265	339.558	348.765
134	444.29	339.672	348.879
135	444.737	340.005	349.213
136	445.208	340.348	352.494
137	445.453	340.51	352.657
138	445.507	340.816	355.894
139	445.518	340.827	355.924
140	445.53	340.838	355.954
141	445.554	340.942	356.057
142	445.579	341.176	356.292
143	445.596	341.276	357.195
144	445.655	341.625	357.546
145	445.666	341.635	357.576
146	446.61	342.002	357.945
147	447.467	342.237	358.191
148	447.711	342.335	358.297
149	448.081	342.447	358.418
150	448.432	342.548	358.525
151	449.281	342.783	358.76
152	449.292	342.794	358.771
153	449.316	342.988	358.965
154	449.327	343.028	359.464
155	450.151	343.326	359.765
156	450.942	343.631	360.073
157	450.982	344.037	360.482
158	451.131	344.131	360.577
159	451.275	344.188	360.635
160	452.247	344.579	361.16
161	452.937	344.773	361.511
162	453.298	344.878	361.616
163	453.762	345.22	361.96
164	454.715	345.589	362.332
165	454.733	345.6	362.362
166	454.744	345.639	362.401
167	454.988	345.739	362.501
168	455.013	345.974	362.736
169	455.027	346.036	362.798
170	455.065	346.406	363.217
171	455.085	346.417	363.231
172	455.095	346.428	363.242
173	455.113	346.438	363.284
174	455.578	346.783	363.638
175	455.589	346.795	363.65
176	456.052	347.137	363.994
177	456.072	347.148	364.005
178	456.097	347.254	364.111
179	456.155	347.602	364.46
180	457.008	347.836	364.694
181	457.026	347.847	364.705
182	457.467	348.014	364.883
183	457.615	348.108	364.992
184	458.292	348.304	365.217
185	459.274	348.652	365.575
186	459.636	348.756	365.68
187	459.671	349.118	366.044
188	460.039	349.224	366.15
189	460.064	349.338	366.266
190	460.124	349.687	366.616
191	460.144	349.699	366.627
192	460.619	350.042	366.971
193	460.678	350.388	367.319
194	461.659	350.752	367.684
195	462.114	351.09	368.023
196	462.361	351.255	368.189
197	463.285	351.599	368.536
198	463.297	351.61	368.547
199	463.309	351.621	368.586
200	492.237	351.854	368.817
201	492.273	352.029	368.993
202	492.71	352.192	369.158
203	492.721	352.203	369.169
204	492.732	352.213	369.18
205	492.758	352.251	369.217
206	492.778	352.262	369.229
207	492.797	352.274	369.24
208	492.809	352.285	369.251
209	493.258	352.618	369.586
210	493.503	352.713	369.681
211	493.616	352.763	369.732
212	494.037	352.926	369.896
213	494.078	353.315	370.287
214	494.186	353.363	370.336
215	494.2	353.425	370.399
216	495.056	353.66	370.633
217	495.07	353.673	370.647
218	495.194	353.712	370.685
219	495.215	353.745	370.719
220	495.235	353.757	370.731
221	495.272	353.935	370.91
222	495.635	354.039	371.015
223	495.654	354.05	371.026
224	495.678	354.245	371.221
225	495.703	354.349	371.326
226	495.721	354.36	371.337
227	495.754	354.376	371.353
228	495.772	354.387	371.364
229	496.932	354.746	371.724
230	496.961	354.967	371.947
231	497.031	355.316	372.298
232	497.457	355.48	372.463
233	497.884	355.645	372.629
234	498.688	355.902	372.887
235	498.7	355.914	372.899
236	499.167	356.255	373.241
237	499.592	356.422	373.409
238	499.866	356.589	373.577
239	500.317	356.695	373.684
240	500.368	356.989	373.979
241	500.75	357.095	374.086
242	500.776	357.29	374.281
243	501.478	357.485	374.477
244	501.51	357.619	374.611
245	502.957	357.976	374.97
246	503.204	358.138	375.134
247	503.23	358.372	375.368
248	503.615	358.506	375.502
249	504.042	358.823	375.82
250	504.068	359.058	376.055
251	504.08	359.07	376.067
252	504.138	359.433	376.529
253	504.991	359.718	377.005
254	505.888	360.003	377.293
255	524.717	360.237	377.528
256	524.729	360.281	377.57
257	524.74	360.292	377.582
258	525.635	360.628	378.066
259	526.558	361	378.581
260	526.597	361.245	378.829
261	527.522	361.575	379.162
262	527.907	361.681	379.269
263	528.327	361.793	379.402
264	528.343	361.805	379.416
265	528.858	362.14	379.806
266	529.018	362.188	379.855
267	529.043	362.293	379.96
268	529.112	362.341	380.009
269	530.527	362.683	380.352
270	530.897	362.788	380.457
271	531.357	363.137	380.822
272	531.515	363.485	381.221
273	531.617	363.876	381.615
274	531.645	363.887	381.626
275	531.672	363.897	381.637
276	531.767	364.269	382.008
277	531.832	364.504	382.243
278	532.862	364.699	382.439
279	533.512	364.89	382.63
280	534.428	365.232	382.975
281	534.454	365.463	383.206
282	534.486	365.749	383.493
283	534.879	365.886	383.63
284	535.004	365.925	383.67
285	535.023	365.937	383.682
286	535.798	366.243	383.988
287	535.811	366.254	383.999
288	535.848	366.432	384.189
289	535.861	366.443	384.202
290	535.885	366.664	384.468
291	536.548	366.854	384.68
292	536.799	367.019	384.845
293	537.664	367.25	385.076
294	537.704	367.623	385.449
295	537.73	367.732	385.558
296	537.79	368.077	385.904
297	538.047	368.245	386.073
298	538.902	368.479	386.307
299	538.922	368.491	386.319
300	539.353	368.665	386.495
301	539.367	368.726	386.556
302	540.056	368.922	386.752
303	540.088	369.058	386.89
304	540.149	369.408	387.242
305	540.174	369.514	387.348
306	540.542	369.62	387.457
307	541.514	370.011	388.137
308	542.443	370.355	388.483
309	542.457	370.367	388.495
310	542.494	370.545	388.674
311	543.411	370.886	389.165
312	544.222	371.194	389.615
313	544.242	371.206	389.626
314	544.273	371.22	389.641
315	544.299	371.456	389.875
316	544.779	371.811	390.232
317	545.016	371.906	390.327
318	545.477	372.244	390.667
319	545.511	372.529	391.114
320	545.531	372.542	391.142
321	546.392	372.889	391.596
322	546.407	372.951	391.659
323	546.426	372.963	391.671
324	547.377	373.331	392.04
325	547.404	373.565	392.274
326	547.436	373.85	392.56
327	547.899	374.187	392.9
328	548.756	374.421	393.135
329	548.779	374.453	393.167
330	548.804	374.688	393.401
331	548.822	374.699	393.412
332	548.842	374.71	393.422
333	548.873	374.846	393.558
334	548.899	375.079	393.792
335	549.039	375.137	393.851
336	549.067	375.242	393.956
337	549.996	375.599	394.316
338	550.058	376.062	394.667
339	550.084	376.273	394.877
340	550.224	376.331	394.935
341	550.954	376.563	395.168
342	551.072	376.614	395.22
343	551.763	376.809	395.416
344	552.744	377.157	395.765
345	552.763	377.168	395.777
346	552.794	377.182	395.791
347	552.82	377.416	396.035
348	553.736	377.759	396.378
349	554.175	377.937	396.558
350	555.027	378.172	396.793
351	555.039	378.183	396.804
352	555.151	378.232	396.852
353	555.407	378.336	396.958
354	555.833	378.5	397.122
355	556.685	378.731	397.353
356	557.609	379.148	397.697
357	558.585	380.004	398.048
358	558.646	380.353	398.398
359	559.04	380.489	398.535
360	559.421	380.601	398.646
361	559.436	380.664	398.709
362	559.455	380.676	398.721
363	559.487	380.69	398.735
364	559.512	380.923	398.966
365	560.366	381.157	399.201
366	560.49	381.197	399.241
367	560.51	381.208	399.252
368	560.879	381.312	399.356
369	561.802	381.653	399.698
370	562.734	381.998	400.045
371	562.747	382.009	400.057
372	562.899	382.104	400.152
373	562.96	382.453	400.502
374	562.994	382.47	400.52
375	563.106	382.518	400.568
376	563.963	382.753	400.803
377	563.984	382.764	400.815
378	564.201	382.843	400.893
379	564.221	382.855	400.905
380	564.291	382.902	400.952
381	564.304	382.913	400.964
382	564.763	383.099	401.15
383	565.614	383.444	401.498
384	565.741	383.484	401.538
385	566.715	383.833	401.888
386	567.184	384.173	402.231
387	567.281	384.205	402.263
388	568.131	384.49	402.549
389	568.55	384.652	402.712
390	568.576	384.757	402.817
391	568.683	384.805	402.865
392	568.695	384.819	402.88
393	568.706	384.83	402.89
394	568.719	384.841	402.902
395	568.926	384.903	402.963
396	568.937	384.918	402.978
397	569.298	385.031	403.09
398	569.325	385.265	403.325
399	569.337	385.277	403.337
400	569.367	385.325	403.421
401	569.38	385.365	403.519
402	569.405	385.403	403.612
403	570.387	385.751	404.084
404	570.399	385.762	404.095
405	589.725	406.84	423.249
406	589.786	407.187	423.598
407	590.213	407.351	423.763
408	590.576	407.456	423.868
409	590.59	407.468	423.88
410	590.628	407.841	425.201
411	591.086	408.186	425.549
412	591.526	408.365	425.728
413	592.331	408.683	426.049
414	592.343	408.694	426.06
415	592.782	409.08	427.295
416	593.702	409.451	430.774
417	593.951	409.613	430.938
418	594.379	409.78	431.104
419	594.393	409.829	431.153
420	595.315	410.172	431.498
421	595.327	410.212	431.538
422	596.271	410.581	431.91
423	596.326	410.888	432.219
424	596.352	410.993	432.325
425	597.029	411.188	432.52
426	597.156	411.227	432.56
427	597.586	411.402	432.736
428	598.501	411.743	433.079
429	599.357	411.975	433.311
430	599.72	412.087	433.424
431	600.082	412.192	433.529
432	600.45	412.298	433.636
433	600.469	412.31	433.648
434	600.491	412.34	433.679
435	600.512	412.372	433.71
436	600.524	412.383	433.722
437	600.731	412.445	433.783
438	600.771	413.055	434.174
439	600.783	413.066	434.186
440	600.821	413.448	434.57
441	600.967	413.506	434.628
442	600.987	413.517	434.639
443	600.998	413.529	434.651
444	601.978	413.877	434.999
445	601.999	413.888	435.011
446	602.431	414.054	435.178
447	602.684	414.22	435.346
448	603.003	414.437	435.565
449	603.839	414.724	435.852
450	603.866	414.958	436.087
451	604.297	415.134	436.263
452	604.736	415.317	436.442
453	605.595	415.667	436.792
454	605.609	415.678	436.805
455	605.626	415.689	436.815
456	606.407	415.989	437.117
457	606.836	416.298	437.428
458	607.765	416.644	437.775
459	607.797	416.658	437.79
460	608.052	416.825	437.979
461	608.071	416.837	437.991
462	608.083	416.847	438.001
463	609.011	417.193	438.347
464	609.985	417.542	438.699
465	610.006	417.553	438.71
466	610.979	417.942	439.1
467	611.959	418.29	439.45
468	611.984	418.394	439.555
469	611.997	418.411	439.572
470	612.051	418.72	439.88
471	612.072	418.731	439.892
472	612.098	418.964	440.125
473	612.954	419.25	440.413
474	613.387	419.412	440.576
475	613.419	419.546	440.711
476	613.432	419.586	440.751
477	613.443	419.597	440.762
478	614.284	419.883	441.291
479	614.296	419.894	441.319
480	614.322	419.932	441.379
481	615.27	420.301	441.751
482	615.291	420.314	441.764
483	615.308	420.324	441.774
484	616.281	420.673	442.124
485	616.306	420.867	442.32
486	616.332	421.102	442.554
487	616.361	421.34	442.795
488	616.381	421.351	442.806
489	616.406	421.592	443.047
490	616.418	421.603	443.058
491	616.443	421.837	443.292
492	616.461	421.848	443.304
493	617.322	422.195	443.652
494	617.415	422.253	443.71
495	617.442	422.488	443.984
496	617.462	422.5	443.998
497	618.315	422.847	444.385
498	618.781	423.187	444.727
499	619.034	423.353	444.894
500	619.059	423.58	445.132
501	619.204	423.638	445.19
502	619.259	423.946	445.499
503	619.273	423.958	445.511
504	620.132	424.305	445.86
505	620.601	424.646	446.203
506	621.021	424.809	446.367
507	621.042	424.82	446.379
508	621.26	424.884	446.442
509	621.691	425.059	446.617
510	621.703	425.071	446.63
511	621.762	425.417	446.978
512	621.775	425.43	446.991
513	621.884	425.477	447.039
514	622.335	425.812	447.375
515	623.014	426.007	447.571
516	623.865	426.241	447.805
517	623.877	426.252	447.817
518	624.566	426.446	448.012
519	624.928	426.559	448.126
520	625.849	426.931	448.499
521	626.103	427.031	448.599
522	626.5	427.166	448.734
523	626.534	427.183	448.752
524	626.66	427.222	448.791
525	627.511	427.455	449.025
526	628.362	427.69	449.261
527	628.387	427.885	449.456
528	628.597	427.948	449.519
529	629.542	428.318	449.892
530	629.638	428.349	449.924
531	629.664	428.584	450.158
532	629.724	428.822	450.398
533	629.758	429.124	450.701
534	629.827	429.474	451.093
535	629.854	429.685	451.556
536	630.31	430.022	452.384
537	630.322	430.032	452.395
538	631.175	430.266	452.629
539	631.624	430.598	452.964
540	631.994	430.713	453.08
541	632.732	430.942	453.31
542	632.757	431.137	453.506
543	633.119	431.242	453.611
544	633.326	431.304	453.674
545	633.801	431.65	454.02
546	633.826	431.878	454.249
547	634.079	432.04	454.413
548	634.448	432.146	454.52
549	634.469	432.159	454.533
550	634.479	432.17	454.544
551	635.453	432.518	454.894
552	635.478	432.623	454.999
553	636.47	433.012	455.391
554	636.84	433.118	455.498
555	638.095	433.479	455.86
556	638.115	433.492	455.873
557	638.241	433.531	455.913
558	639.093	433.817	456.199
559	639.115	433.829	456.211
560	639.134	433.84	456.222
561	639.547	434.001	456.381
562	639.586	434.183	456.566
563	639.627	434.573	456.957
564	640.528	434.907	457.293
565	640.982	435.242	457.713
566	641.422	435.425	457.895
567	641.434	435.439	457.91
568	642.284	435.674	458.144
569	642.297	435.685	458.156
570	642.316	435.695	458.166
571	642.782	436.036	458.508
572	642.823	436.425	458.899
573	642.849	436.531	459.006
574	642.944	436.563	459.038
575	642.958	436.63	459.105
576	642.978	436.642	459.118
577	643.071	436.673	459.149
578	643.089	436.683	459.159
579	644.007	437.033	459.512
580	644.685	437.229	459.712
581	645.14	437.567	460.063
582	645.56	437.731	460.227
583	646.479	438.101	460.6
584	646.841	438.215	460.714
585	647.048	438.277	460.776
586	648.025	438.623	461.124
587	648.045	438.635	461.136
588	649.016	438.983	461.485
589	649.437	439.147	461.649
590	649.474	439.323	461.825
591	649.5	439.429	461.931
592	649.526	439.654	462.157
593	649.565	440.024	462.747
594	649.979	440.184	462.907
595	650.006	440.419	463.142
596	650.065	440.882	463.493
597	650.459	441.022	463.635
598	650.484	441.127	463.74
599	650.496	441.143	463.756
600	651.15	441.342	463.956
601	651.869	441.56	464.175
602	651.887	441.571	464.187
603	651.947	441.917	464.535
604	651.968	441.928	464.547
605	652.337	442.032	464.65
606	652.432	442.064	464.682
607	652.459	442.174	464.793
608	652.829	442.279	464.898
609	652.855	442.381	465.002
610	652.89	442.399	465.02
611	652.902	442.41	465.031
612	653.803	442.745	465.366
613	653.836	442.759	465.381
614	654.738	443.096	465.719
615	655.655	443.44	466.064
616	655.682	443.674	466.298
617	655.742	444.021	466.647
618	655.757	444.082	466.709
619	656.231	444.437	467.065
620	656.258	444.679	467.307
621	656.289	444.815	467.444
622	656.359	445.162	467.795
623	656.753	445.298	467.932
624	656.779	445.53	468.163
625	657.192	445.694	468.329
626	657.303	445.743	468.378
627	657.33	445.955	468.59
628	657.35	445.966	468.602
629	657.783	446.132	468.769
630	657.817	446.435	469.072
631	658.18	446.539	469.178
632	658.638	446.874	469.514
633	658.658	446.886	469.526
634	658.684	447.12	469.76
635	659.106	447.282	469.922
636	660.114	447.673	470.315
637	660.177	448.02	470.665
638	660.334	448.115	470.761
639	660.451	448.164	470.811
640	661.432	448.554	471.203
641	661.453	448.566	471.216
642	662.305	448.8	471.45
643	662.345	448.986	471.637
644	662.372	449.228	471.879
645	663.23	449.576	472.23
646	663.382	449.671	472.325
647	663.442	450.019	472.675
648	663.469	450.254	472.911
649	664.146	450.45	473.107
650	664.173	450.684	473.342
651	664.543	450.797	473.456
652	664.669	450.837	473.496
653	664.681	450.849	473.508
654	664.741	451.196	473.858
655	665.597	451.431	474.093
656	665.71	451.481	474.143
657	665.743	451.768	474.431
658	665.853	451.816	474.48
659	666.009	451.911	474.576
660	666.043	452.197	474.864
661	667.044	452.545	475.215
662	667.057	452.557	475.227
663	667.508	452.891	475.563
664	667.535	453.125	475.798
665	668.517	453.474	476.148
666	669.425	453.812	476.488
667	670.351	454.159	476.836
668	671.207	454.393	477.071
669	671.239	454.53	477.208
670	671.261	454.541	477.22
671	671.729	454.883	477.564
672	672.136	455.019	477.701
673	672.535	455.299	477.983
674	672.561	455.494	478.179
675	672.581	455.507	478.193
676	672.836	455.674	478.361
677	673.276	455.997	478.685
678	673.653	456.102	478.791
679	674.087	456.269	478.96
680	674.342	456.457	479.128
681	674.82	456.803	479.475
682	674.84	456.814	479.488
683	674.853	456.825	479.498
684	675.214	456.929	479.603
685	675.255	457.319	479.996
686	675.29	457.546	480.225
687	675.303	457.558	480.237
688	675.767	457.864	480.545
689	676.62	458.211	480.895
690	676.765	458.269	480.954
691	676.861	458.346	480.986
692	677.238	458.63	481.101
693	677.277	459.063	481.474
694	677.728	459.245	481.658
695	677.751	459.277	481.69
696	677.763	459.316	481.73
697	677.776	459.328	481.742
698	678.208	459.494	481.909
699	678.221	459.506	481.921
700	678.241	459.517	481.932
701	678.273	459.804	482.22
702	678.636	459.909	482.325
703	678.849	459.976	482.394
704	678.874	460.21	482.628
705	678.887	460.223	482.642
706	678.909	460.241	482.659
707	679.383	460.584	483.006
708	679.51	460.624	483.046
709	680.359	460.969	483.393
710	680.722	461.073	483.499
711	680.742	461.085	483.511
712	680.995	461.408	483.675
713	681.364	461.62	483.791
714	681.426	462.123	484.141
715	681.481	462.469	484.49
716	681.542	462.819	485.017
717	681.555	462.831	485.046
718	681.99	462.999	485.304
719	682.858	463.226	485.531
720	682.873	463.287	485.593
721	683.36	463.63	485.939
722	683.38	463.641	485.95
723	683.405	463.745	486.054
724	683.667	463.909	486.313
725	683.693	464.015	486.573
726	683.733	464.201	486.792
727	683.797	464.548	487.142
728	684.716	464.93	487.526
729	684.739	464.961	487.558
730	684.834	464.992	487.589
731	684.845	465.003	487.6
732	685.296	465.191	487.791
733	685.767	465.538	488.139
734	685.794	465.773	488.374
735	685.808	465.835	488.438
736	685.819	465.846	488.449
737	685.913	465.877	488.48
738	685.939	465.983	488.586
739	686.394	466.166	488.771
740	686.764	466.27	488.876
741	686.794	466.404	489.011
742	686.807	466.416	489.024
743	687.735	466.761	489.371
744	688.194	466.948	489.617
745	688.216	466.979	489.694
746	688.235	466.991	489.724
747	688.603	467.097	489.986
748	688.629	467.332	490.505
749	688.882	467.498	490.672
750	688.977	467.529	490.705
751	689.003	467.764	490.939
752	689.856	467.998	491.174
753	689.876	468.01	491.186
754	690.344	468.541	491.53
755	690.37	468.748	491.637
756	690.384	468.811	491.7
757	691.284	469.145	492.038
758	691.311	469.379	492.273
759	691.351	469.769	492.663
760	692.21	470.117	493.013
761	692.581	470.222	493.119
762	692.593	470.233	493.13
763	692.612	470.244	493.141
764	693.563	470.613	493.512
765	693.584	470.625	493.524
766	693.846	470.791	493.691
767	694.706	471.025	493.925
768	694.732	471.246	494.148
769	694.757	471.353	494.255
770	695.181	471.516	494.419
771	695.202	471.528	494.431
772	696.011	471.835	494.74
773	696.071	472.183	495.09
774	696.44	472.289	495.198
775	696.873	472.457	495.367
776	697.724	472.69	495.599
777	697.75	472.885	495.795
778	698.004	473.049	495.961
779	698.859	473.282	496.195
780	699.71	473.516	496.429
781	699.75	473.703	496.616
782	699.776	473.81	496.724
783	699.787	473.824	496.739
784	700.622	474.11	497.026
785	700.654	474.251	497.168
786	701.125	474.593	497.512
787	701.186	474.94	497.861
788	701.206	474.952	497.873
789	701.217	474.963	497.884
790	701.309	474.993	497.914
791	701.335	475.031	497.953
792	701.36	475.226	498.149
793	701.837	475.572	498.496
794	702.688	475.806	498.731
795	702.701	475.818	498.743
796	702.727	476.052	498.976
797	702.973	476.153	499.078
798	702.998	476.259	499.185
799	703.01	476.274	499.201
800	703.029	476.285	499.212
801	703.047	476.296	499.223
802	703.29	476.391	499.318
803	703.316	476.496	499.424
804	703.411	476.527	499.456
805	703.472	476.876	499.807
806	703.906	477.051	499.984
807	703.939	477.338	500.272
808	704.332	477.474	500.41
809	705.188	477.709	500.646
810	705.313	477.749	500.686
811	705.331	477.761	500.698
812	705.391	478.124	501.063
813	705.452	478.472	501.413
814	705.593	478.529	501.471
815	706.498	478.864	501.809
816	706.533	478.881	501.826
817	706.545	478.895	501.841
818	706.556	478.906	501.852
819	706.574	478.917	501.863
820	707.493	479.3	502.246
821	708.343	479.643	502.591
822	709.034	479.838	502.787
823	709.833	480.144	503.095
824	709.845	480.166	503.107
825	709.87	480.375	503.213
826	709.883	480.397	503.225
827	710.733	480.806	503.458
828	710.759	480.972	503.566
829	711.684	481.431	503.92
830	711.746	481.804	504.271
831	712.208	482.111	504.579
832	712.221	482.129	504.597
833	713.117	482.414	504.884
834	713.149	482.55	505.021
835	713.181	482.564	505.036
836	713.219	483.148	505.408
837	713.687	483.489	505.752
838	714.147	483.676	505.94
839	714.159	483.687	505.952
840	714.185	483.793	506.059
841	715.048	484.025	506.29
842	715.797	484.273	506.541
843	715.81	484.285	506.553
844	715.834	484.389	506.658
845	715.895	484.737	507.008
846	715.907	484.748	507.02
847	716.162	484.915	507.188
848	716.181	484.926	507.199
849	717.084	485.26	507.535
850	717.102	485.361	507.637
851	717.136	485.378	507.655
852	717.156	485.39	507.666
853	718.136	485.738	508.016
854	718.154	485.749	508.027
855	718.167	485.759	508.038
856	719.024	485.991	508.269
857	719.282	486.153	508.435
858	719.306	486.17	508.452
859	720.201	486.505	508.789
860	720.222	486.517	508.802
861	720.246	486.744	509.028
862	720.266	486.755	509.04
863	720.519	486.92	509.205
864	720.551	487.25	509.539
865	721.326	487.484	509.776
866	721.359	487.769	510.063
867	721.384	487.873	510.169
868	722.243	488.221	510.52
869	722.262	488.233	510.532
870	722.288	488.467	510.766
871	722.314	488.701	511.001
872	722.325	488.713	511.014
873	722.337	488.724	511.024
874	722.35	488.736	511.036
875	722.788	488.918	511.215
876	723.717	489.263	511.562
877	724.087	489.368	511.668
878	724.52	489.544	511.845
879	724.89	489.649	511.951
880	725.783	489.985	512.289
881	725.795	489.999	512.304
882	725.834	490.586	512.676
883	726.69	490.821	512.912
884	726.715	490.926	513.017
885	726.971	491.094	513.186
886	726.992	491.107	513.199
887	727.013	491.138	513.231
888	727.032	491.149	513.241
889	727.494	491.491	513.586
890	727.908	491.65	513.747
891	728.328	491.814	513.911
892	729.184	492.049	514.147
893	729.421	492.144	514.242
894	729.807	492.278	514.377
895	729.83	492.31	514.409
896	730.749	492.671	514.758
897	730.774	492.787	514.863
898	730.833	493.157	515.214
899	731.687	493.506	515.564
900	732.547	493.855	515.913
901	732.567	493.866	515.925
902	732.586	493.878	515.936
903	733.58	494.266	516.328
904	734.035	494.61	516.673
905	734.097	494.958	517.024
906	734.124	495.171	517.236
907	734.15	495.405	517.472
908	734.409	495.573	517.641
909	734.435	495.677	517.746
910	734.937	496.023	518.095
911	734.95	496.035	518.108
912	735.39	496.213	518.286
913	735.402	496.225	518.299
914	735.414	496.235	518.309
915	735.732	496.452	518.528
916	735.753	496.465	518.541
917	735.879	496.505	518.581
918	735.938	496.854	518.932
919	735.959	496.865	518.944
920	735.991	497.151	519.231
921	736.847	497.748	519.693
922	736.881	498.073	519.98
923	736.903	498.105	520.012
924	736.995	498.164	520.072
925	737.008	498.176	520.084
926	737.935	498.519	520.428
927	738.375	498.684	520.594
928	738.389	498.696	520.606
929	738.651	498.862	520.773
930	738.87	498.924	520.837
931	738.896	499.16	521.081
932	739.027	499.208	521.131
933	739.039	499.22	521.144
934	739.05	499.231	521.156
935	739.464	499.393	521.323
936	739.577	499.443	521.373
937	739.814	499.538	521.469
938	740.192	499.644	521.576
939	740.224	499.694	521.626
940	740.432	499.756	521.689
941	740.492	500.104	522.038
942	740.517	500.209	522.144
943	740.535	500.22	522.156
944	740.905	500.325	522.261
945	740.917	500.336	522.273
946	741.908	500.741	522.681
947	741.935	500.977	522.916
948	742.853	501.359	523.3
949	742.891	501.538	523.48
950	742.916	501.643	523.585
951	742.929	501.656	523.598
952	742.953	501.85	523.794
953	743.315	501.955	523.899
954	743.333	501.966	523.911
955	744.188	502.201	524.145
956	744.202	502.214	524.159
957	745.056	502.448	524.393
958	745.081	502.555	524.5
959	745.093	502.567	524.513
960	745.117	502.671	524.617
961	745.969	502.907	524.853
962	746.008	503.278	525.227
963	746.039	503.412	525.362
964	746.959	503.783	525.757
965	746.971	503.795	525.771
966	747.009	504.166	526.336
967	747.489	504.512	526.82
968	747.597	504.56	526.868
969	747.624	504.794	527.103
970	747.664	505.183	527.495
971	747.678	505.231	527.544
972	748.567	505.567	527.882
973	749.541	505.917	528.233
974	749.602	506.265	528.585
975	750.325	506.494	528.816
976	750.351	506.608	528.93
977	751.209	506.963	529.571
978	752.183	507.363	529.923
979	752.208	507.468	530.029
980	752.233	507.663	530.225
981	752.345	507.713	530.275
982	752.399	508.049	530.613
983	753.315	508.391	530.957
984	753.466	508.486	531.053
985	754.183	508.694	531.261
986	754.202	508.705	531.273
987	754.241	509.076	531.646
988	754.704	509.412	531.983
989	755.633	509.755	532.329
990	755.646	509.77	532.344
991	755.853	509.832	532.406
992	755.864	509.843	532.418
993	756.672	510.162	532.735
994	756.684	510.173	532.747
995	756.696	510.184	532.758
996	756.714	510.286	532.86
997	756.727	510.347	532.922
998	756.753	510.385	532.962
999	756.767	510.397	532.974
1000	756.793	510.632	533.208
1001	756.892	510.671	533.248
1002	757.145	510.838	533.414
1003	757.236	510.869	533.446
1004	757.262	511.108	533.68
1005	757.639	511.215	533.787
1006	758.495	511.45	534.023
1007	758.556	512.059	534.373
1008	758.583	512.6	534.608
1009	758.602	512.612	534.621
1010	759.041	512.79	534.799
1011	759.497	512.973	534.984
1012	759.593	513.004	535.016
1013	759.605	513.015	535.027
1014	759.665	513.364	535.378
1015	759.692	513.599	535.613
1016	760.415	513.833	535.848
1017	760.427	513.847	535.864
1018	761.262	514.124	536.141
1019	761.284	514.156	536.173
1020	761.323	514.527	536.546
1021	761.35	514.762	536.782
1022	761.363	514.773	536.793
1023	761.396	514.79	536.81
1024	762.382	515.159	537.18
1025	762.409	515.265	537.288
1026	762.428	515.277	537.3
1027	762.44	515.288	537.311
1028	762.458	515.299	537.322
1029	762.916	515.596	537.66
1030	763.352	515.761	537.827
1031	763.365	515.773	537.839
1032	763.397	515.787	537.853
1033	763.432	515.803	537.87
1034	763.496	516.111	538.178
1035	763.512	516.174	538.241
1036	763.538	516.281	538.349
1037	763.552	516.293	538.362
1038	763.99	516.457	538.527
1039	764.426	516.621	538.693
1040	765.356	516.967	539.041
1041	765.453	516.999	539.073
1042	765.699	517.159	539.233
1043	766.141	517.457	539.532
1044	766.377	517.551	539.628
1045	766.409	517.688	539.765
1046	767.138	517.91	539.988
1047	768.058	518.282	540.361
1048	768.114	518.589	540.669
1049	768.832	518.795	540.877
1050	768.843	518.807	540.889
1051	768.869	519.041	541.123
1052	769.72	519.276	541.358
1053	770.172	519.577	541.661
1054	770.192	519.589	541.673
1055	770.213	519.62	541.704
1056	770.274	519.967	542.053
1057	770.299	520.08	542.166
1058	770.325	520.187	542.274
1059	771.12	520.493	542.583
1060	771.152	520.508	542.598
1061	771.165	520.519	542.609
1062	771.191	520.753	542.843
1063	771.211	520.765	542.855
1064	771.675	521.07	543.161
1065	772.546	521.311	543.397
1066	772.915	521.421	543.504
1067	773.655	521.752	543.748
1068	774.017	522.01	543.854
1069	774.834	522.279	544.081
1070	774.934	522.317	544.12
1071	774.946	522.332	544.135
1072	775.874	522.689	544.494
1073	776.857	523.079	544.887
1074	777.802	523.421	545.231
1075	778.659	523.657	545.467
1076	778.685	523.762	545.573
1077	779.538	523.996	545.808
1078	780.509	524.366	546.179
1079	780.522	524.379	546.193
1080	781.494	524.728	546.544
1081	781.587	524.788	546.605
1082	782.441	525.151	546.97
1083	782.464	525.168	546.988
1084	783.382	525.539	547.361
1085	783.396	525.603	547.425
1086	783.407	525.615	547.437
1087	784.18	525.912	547.734
1088	784.573	526.048	547.879
1089	784.605	526.352	548.217
1090	785.456	526.587	548.461
1091	786.429	526.949	548.825
1092	786.85	527.111	548.99
1093	786.888	527.478	549.36
1094	787.124	527.573	549.456
1095	787.529	527.863	549.748
1096	787.55	527.887	549.761
1097	787.583	528.335	549.99
1098	787.624	528.917	550.383
1099	787.65	529.023	550.491
1100	787.672	529.04	550.508
1101	787.698	529.275	550.743
1102	787.71	529.286	550.755
1103	787.744	529.303	550.772
1104	787.755	529.314	550.783
1105	788.663	529.65	551.12
1106	789.15	529.994	551.467
1107	789.617	530.178	551.652
1108	789.642	530.28	551.755
1109	789.665	530.311	551.787
1110	789.694	530.323	551.798
1111	789.736	530.423	551.899
1112	791.028	530.658	552.134
1113	791.059	530.672	552.149
1114	791.306	530.835	552.312
1115	791.452	530.892	552.371
1116	791.485	531.192	552.659
1117	792.405	531.84	553.034
1118	793.268	532.188	553.386
1119	793.364	532.22	553.418
1120	793.837	532.563	553.763
1121	794.261	532.731	553.932
1122	794.624	532.836	554.038
1123	794.646	532.853	554.056
1124	795.498	533.087	554.29
1125	795.525	533.322	554.526
1126	795.551	533.557	554.762
1127	796.527	533.906	555.113
1128	796.547	533.919	555.126
1129	796.567	533.93	555.137
1130	797.487	534.273	555.483
1131	797.52	534.56	555.771
1132	797.533	534.572	555.784
1133	797.573	534.962	556.175
1134	797.593	534.974	556.188
1135	797.625	535.26	556.475
1136	797.771	535.321	556.537
1137	797.83	535.669	556.887
1138	798.808	536.018	557.239
1139	799.607	536.243	557.465
1140	799.733	536.283	557.506
1141	800.591	536.518	557.741
1142	800.625	536.535	557.759
1143	800.642	536.546	557.77
1144	800.66	536.557	557.781
1145	800.671	536.568	557.792
1146	800.682	536.578	557.802
1147	800.704	536.61	557.834
1148	800.722	536.621	557.845
1149	800.783	536.968	558.194
1150	800.874	537.028	558.255
1151	801.127	537.192	558.421
1152	802.079	537.528	559.056
1153	802.091	537.543	559.072
1154	802.128	537.721	559.255
1155	802.154	537.827	559.363
1156	802.166	537.868	559.403
1157	802.205	538.237	559.774
1158	802.217	538.249	559.786
1159	802.428	538.311	559.849
1160	802.454	538.552	560.091
1161	802.474	538.564	560.104
1162	802.493	538.576	560.115
1163	803.347	538.861	560.402
1164	804.264	539.166	560.71
1165	804.279	539.229	560.773
1166	804.305	539.464	561.009
1167	804.317	539.476	561.021
1168	804.788	539.825	561.368
1169	804.806	539.836	561.38
1170	805.666	540.071	561.615
1171	806.59	540.417	561.963
1172	806.627	540.6	562.148
1173	806.688	540.961	562.809
1174	806.814	541.001	562.85
1175	806.826	541.012	562.861
1176	806.858	541.028	562.877
1177	806.869	541.039	562.888
1178	806.899	541.31	563.16
1179	806.938	541.679	563.531
1180	807.311	541.783	563.636
1181	808.235	542.154	564.01
1182	808.258	542.255	564.112
1183	808.71	542.438	564.297
1184	809.183	542.785	564.646
1185	809.65	543.129	565.002
1186	810.12	543.472	565.354
1187	810.133	543.515	565.398
1188	810.503	543.62	565.503
1189	810.528	543.815	565.7
1190	810.542	543.878	565.763
1191	811.259	544.081	565.968
1192	811.285	544.12	566.007
1193	811.325	544.509	566.698
1194	812.244	544.85	567.043
1195	813.084	545.128	567.325
1196	813.11	545.363	567.561
1197	813.473	545.468	567.667
1198	813.534	545.816	568.018
1199	813.547	545.828	568.03
1200	813.915	545.934	568.137
1201	813.941	546.168	568.372
1202	813.967	546.275	568.48
1203	814.36	546.411	568.617
1204	815.217	546.647	568.853
1205	815.242	546.752	568.959
1206	815.255	546.764	568.971
1207	815.269	546.831	569.039
1208	815.524	546.936	569.144
1209	815.549	547.042	569.252
1210	815.575	547.157	569.368
1211	816.555	547.505	569.719
1212	816.788	547.6	569.815
1213	817.772	547.948	570.166
1214	818.141	548.055	570.273
1215	818.882	548.282	570.503
1216	819.856	548.673	570.896
1217	820.881	549.018	571.243
1218	821.251	549.12	571.347
1219	821.971	549.227	571.454
1220	821.983	549.239	571.466
1221	822.001	549.25	571.477
1222	822.351	549.354	571.582
1223	822.377	549.589	571.818
1224	822.417	549.96	572.191
1225	822.437	549.972	572.204
1226	822.55	550.02	572.253
1227	822.587	550.203	572.438
1228	822.62	550.218	572.453
1229	823.079	550.404	572.64
1230	823.819	550.583	572.82
1231	823.834	550.645	572.882
1232	824.085	550.808	573.053
1233	825.009	551.135	573.394
1234	825.246	551.23	573.489
1235	825.272	551.337	573.597
1236	825.29	551.348	573.608
1237	826.266	551.665	574.044
1238	826.477	551.728	574.199
1239	827.449	552.119	574.663
1240	827.463	552.137	574.681
1241	828.39	552.479	575.325
1242	828.417	552.714	575.561
1243	828.436	552.726	575.573
1244	828.905	553.071	575.919
1245	829.831	553.415	576.265
1246	829.855	553.52	576.371
1247	829.868	553.531	576.383
1248	830.118	553.695	576.548
1249	830.593	554.043	577.101
1250	830.687	554.101	577.244
1251	830.724	554.276	577.425
1252	831.93	554.511	577.661
1253	831.954	554.543	577.693
1254	832.901	554.884	578.038
1255	832.915	554.928	578.082
1256	832.948	555.229	578.385
1257	833.06	555.278	578.434
1258	833.186	555.321	578.478
1259	833.198	555.332	578.49
1260	833.218	555.344	578.502
1261	834.191	555.693	578.853
1262	834.232	556.096	579.258
1263	834.671	556.274	579.442
1264	834.704	556.561	579.731
1265	834.719	556.573	579.743
1266	835.649	556.917	580.088
1267	836.509	557.278	580.451
1268	837.324	557.501	580.675
1269	837.336	557.512	580.687
1270	838.194	557.747	580.922
1271	838.213	557.758	580.933
1272	838.23	557.769	580.944
1273	839.089	558.117	581.293
1274	839.529	558.296	581.474
1275	840.381	558.537	581.716
1276	840.413	558.552	581.731
1277	840.431	558.562	581.742
1278	841.188	558.82	581.996
1279	841.209	558.832	582.009
1280	841.229	558.843	582.021
1281	841.657	559.009	582.188
1282	842.123	559.358	582.539
1283	842.151	559.593	582.775
1284	842.163	559.608	582.79
1285	842.189	559.712	582.895
1286	842.214	559.817	583.001
1287	842.588	559.922	583.107
1288	843.579	560.27	583.456
1289	843.835	560.437	583.626
1290	843.862	560.672	583.861
1291	843.882	560.684	583.874
1292	843.894	560.704	583.885
1293	844.353	561.323	584.225
1294	844.716	561.428	584.331
1295	845.514	561.734	584.639
1296	845.733	561.813	584.718
1297	846.592	562.173	585.271
1298	846.613	562.186	585.301
1299	846.632	562.197	585.329
1300	847.018	562.33	585.512
1301	847.04	562.362	585.544
1302	847.164	562.402	585.584
1303	847.19	562.636	585.819
1304	847.21	562.648	585.831
1305	847.677	562.991	586.273
1306	847.738	563.341	586.624
1307	848.101	563.454	586.739
1308	848.313	563.517	586.803
1309	848.341	563.748	587.036
1310	848.362	563.76	587.049
1311	848.373	563.772	587.06
1312	848.524	563.866	587.155
1313	848.952	564.033	587.322
1314	849.048	564.065	587.355
1315	849.061	564.076	587.367
1316	849.079	564.087	587.377
1317	849.111	564.101	587.392
1318	849.149	564.467	587.76
1319	849.176	564.703	587.996
1320	850.032	564.932	588.226
1321	850.494	565.27	588.567
1322	850.888	565.406	588.705
1323	851.14	565.571	588.872
1324	851.573	565.746	589.049
1325	852.437	566.095	589.4
1326	852.472	566.112	589.418
1327	852.49	566.124	589.429
1328	852.521	566.403	589.801
1329	852.533	566.415	589.813
1330	852.545	566.427	589.825
1331	852.556	566.438	589.836
1332	852.942	566.571	589.971
1333	853.872	566.918	590.32
1334	853.885	566.933	590.335
1335	854.739	567.165	590.568
1336	855.212	567.613	590.917
1337	855.224	567.625	590.929
1338	855.285	567.972	591.278
1339	855.309	567.99	591.296
1340	856.248	568.338	591.644
1341	856.273	568.443	591.75
1342	856.286	568.454	591.762
1343	856.377	568.512	591.819
1344	857.556	568.859	592.169
1345	857.928	568.972	592.283
1346	858.769	569.26	592.572
1347	859.244	569.606	592.921
1348	860.166	569.977	593.295
1349	860.529	570.083	593.401
1350	861.383	570.318	593.637
1351	861.421	570.507	593.827
1352	861.455	570.519	593.84
1353	862.857	570.761	594.116
1354	863.766	571.103	594.718
1355	863.806	571.475	595.169
1356	864.662	571.71	595.615
1357	864.759	571.745	595.65
1358	865.131	571.85	595.756
1359	865.153	571.862	595.769
1360	865.193	572.233	596.142
1361	865.257	572.596	596.508
1362	865.321	572.945	596.86
1363	865.349	573.18	597.095
1364	866.063	573.376	597.291
1365	866.175	573.424	597.34
1366	866.187	573.435	597.352
1367	866.448	573.599	597.516
1368	867.372	573.946	597.865
1369	867.384	573.957	597.877
1370	867.397	573.969	597.888
1371	867.547	574.067	597.986
1372	867.574	574.302	598.222
1373	868.568	574.65	598.571
1374	868.629	574.999	598.923
1375	868.656	575.114	599.039
1376	869.572	575.468	599.392
1377	869.584	575.481	599.404
1378	869.957	575.606	599.509
1379	870.33	575.734	599.616
1380	870.568	575.847	599.712
1381	870.591	575.888	599.747
1382	871.053	576.24	600.1
1383	871.984	576.611	600.474
1384	872.004	576.623	600.487
1385	872.024	576.634	600.498
1386	872.057	576.65	600.513
1387	872.914	576.997	600.863
1388	872.941	577.233	601.099
1389	872.961	577.245	601.112
1390	873.331	577.35	601.217
1391	873.343	577.364	601.233
1392	873.404	577.713	601.583
1393	874.324	578.083	601.958
1394	874.344	578.095	601.97
1395	874.369	578.208	602.083
1396	874.393	578.419	602.295
1397	874.425	578.434	602.31
1398	874.456	578.448	602.324
1399	874.481	578.561	602.438
1400	874.51	578.779	602.658
1401	875.366	579.014	602.895
1402	875.693	579.254	603.137
1403	875.707	579.272	603.156
1404	876.566	579.615	603.502
1405	876.778	579.678	603.565
1406	876.815	579.868	603.756
1407	876.849	580.156	604.046
1408	876.91	580.504	604.397
1409	876.935	580.609	604.504
1410	877.879	580.98	605.176
1411	878.733	581.283	605.481
1412	879.731	581.633	605.833
1413	879.758	581.74	605.941
1414	879.911	581.835	606.037
1415	879.972	582.184	606.388
1416	880.342	582.29	606.496
1417	880.781	582.469	606.676
1418	880.804	582.487	606.694
1419	880.931	582.526	606.734
1420	880.963	582.813	607.024
1421	881.219	582.918	607.13
1422	881.246	583.153	607.365
1423	881.264	583.164	607.377
1424	881.692	583.332	607.546
1425	882.062	583.439	607.654
1426	882.095	583.782	607.999
1427	882.109	583.794	608.012
1428	882.457	583.896	608.115
1429	882.469	583.908	608.127
1430	882.487	583.919	608.138
1431	882.505	583.93	608.15
1432	882.518	583.941	608.161
1433	882.53	583.953	608.172
1434	882.999	584.297	608.519
1435	883.013	584.309	608.531
1436	883.053	584.698	608.923
1437	883.525	585.211	609.272
1438	883.552	585.795	609.509
1439	884.525	586.207	609.861
1440	884.539	586.22	609.874
1441	884.559	586.231	609.886
1442	884.98	586.533	610.192
1443	884.993	586.545	610.204
1444	885.018	586.651	610.31
1445	885.03	586.663	610.324
1446	885.048	586.675	610.335
1447	885.061	586.686	610.346
1448	885.932	586.92	610.581
1449	885.958	587.151	610.814
1450	885.985	587.258	610.922
1451	886.047	587.608	611.274
1452	886.06	587.648	611.315
1453	887.038	587.998	611.666
1454	887.505	588.343	612.015
1455	887.52	588.406	612.078
1456	888.409	588.714	612.389
1457	889.39	589.063	612.741
1458	889.415	589.258	612.937
1459	889.434	589.27	612.95
1460	889.69	589.438	613.118
1461	890.053	589.551	613.233
1462	890.162	589.601	613.284
1463	890.959	589.908	613.592
1464	891.393	590.084	613.773
1465	891.822	590.252	613.941
1466	892.072	590.415	614.106
1467	892.573	590.549	614.241
1468	892.845	590.597	614.291
1469	893.97	590.946	614.642
1470	894.003	590.961	614.658
1471	894.018	591.023	614.72
1472	894.101	591.038	614.735
1473	894.2	591.423	615.123
1474	895.03	591.589	615.29
1475	895.049	591.601	615.302
1476	895.129	591.886	615.591
1477	895.908	592.222	615.93
1478	895.979	592.271	615.979
1479	896.006	592.513	616.223
1480	896.019	592.525	616.235
1481	896.05	592.819	616.53
1482	896.09	592.838	616.549
1483	896.125	592.85	616.562
1484	897.323	593.045	616.757
1485	897.386	593.15	616.863
1486	897.451	593.384	617.1
1487	898.315	593.729	617.448
1488	898.693	593.836	617.556
1489	898.719	594.068	617.789
1490	898.751	594.356	618.078
1491	899.744	594.768	618.471
1492	900.598	595.143	618.707
1493	901.573	595.653	619.059
1494	901.599	595.885	619.293
1495	901.8	595.947	619.355
1496	902.263	596.254	619.664
1497	903.196	596.609	620.021
1498	904.052	596.844	620.289
1499	904.093	597.234	620.733
1500	904.189	597.266	620.766
1501	904.228	597.637	621.141
1502	904.253	597.742	621.247
1503	904.471	597.822	621.327
1504	904.584	597.871	621.378
1505	904.675	597.903	621.41
1506	904.826	597.966	621.474
1507	904.84	597.979	621.487
1508	904.877	598.162	621.67
1509	904.896	598.174	621.683
1510	905.747	598.459	621.97
1511	906.18	598.629	622.142
1512	906.28	598.663	622.175
1513	906.341	599.01	622.525
1514	906.354	599.022	622.538
1515	906.813	599.36	622.879
1516	906.905	599.419	622.938
1517	907.299	599.56	623.081
1518	908.247	599.93	623.453
1519	909.1	600.217	623.742
1520	910.071	600.607	624.136
1521	910.092	600.62	624.149
1522	910.122	600.753	624.283
1523	910.157	600.771	624.302
1524	910.526	600.878	624.409
1525	910.553	601.113	624.646
1526	910.579	601.22	624.753
1527	911.435	601.456	625.093
1528	912.299	601.803	625.628
1529	912.693	601.938	625.764
1530	913.133	602.117	625.944
1531	913.381	602.276	626.107
1532	913.408	602.383	626.215
1533	913.426	602.394	626.227
1534	914.407	602.758	626.594
1535	914.434	602.994	626.83
1536	915.328	603.333	627.47
1537	915.581	603.496	627.635
1538	916.009	603.66	627.802
1539	916.022	603.672	627.814
1540	916.162	603.73	627.872
1541	917.038	603.964	628.108
1542	917.059	603.976	628.121
1543	917.071	603.99	628.135
1544	917.332	604.154	628.3
1545	917.772	604.318	628.466
1546	917.805	604.577	628.727
1547	917.833	604.617	628.768
1548	918.547	604.928	629.077
1549	919.455	605.272	629.423
1550	920.345	605.609	629.761
1551	920.364	605.62	629.773
1552	920.383	605.631	629.784
1553	920.753	605.736	629.889
1554	921.728	606.086	630.242
1555	921.754	606.309	630.468
1556	921.894	606.367	630.527
1557	922.816	606.684	630.846
1558	922.849	606.699	630.862
1559	922.862	606.711	630.874
1560	922.892	606.849	631.013
1561	923.312	607.012	631.177
1562	923.682	607.119	631.285
1563	923.694	607.131	631.297
1564	923.705	607.142	631.308
1565	924.134	607.304	631.472
1566	924.161	607.539	631.708
1567	924.62	607.885	632.056
1568	924.647	608.12	632.293
1569	924.885	608.219	632.392
1570	924.925	608.589	632.766
1571	924.939	608.602	632.779
1572	925.294	608.703	632.881
1573	925.446	608.799	632.977
1574	925.879	608.966	633.146
1575	925.899	608.978	633.158
1576	926.261	609.082	633.263
1577	926.374	609.133	633.315
1578	926.395	609.145	633.327
1579	926.861	609.487	633.804
1580	926.888	609.703	634.178
1581	926.984	609.735	634.211
1582	927.004	609.747	634.223
1583	927.043	609.933	634.41
1584	927.08	610.113	634.587
1585	927.105	610.309	634.784
1586	927.955	610.654	635.132
1587	927.974	610.666	635.144
1588	927.999	610.77	635.249
1589	928.368	610.877	635.357
1590	928.394	610.984	635.465
1591	928.405	610.996	635.477
1592	928.514	611.044	635.526
1593	928.877	611.15	635.632
1594	928.891	611.163	635.646
1595	928.922	611.303	635.787
1596	928.963	611.693	636.181
1597	928.991	611.928	636.417
1598	929.906	612.269	636.762
1599	929.921	612.282	636.775
1600	930.772	612.584	637.079
1601	931.667	612.868	637.366
1602	931.693	613.1	637.599
1603	932.544	613.335	637.835
1604	932.563	613.346	637.847
1605	933.457	613.676	638.18
1606	934.315	614.024	638.529
1607	934.792	614.37	638.878
1608	935	614.433	638.942
1609	935.014	614.496	639.005
1610	935.124	614.545	639.055
1611	935.151	614.78	639.291
1612	935.171	614.792	639.304
1613	935.189	614.803	639.315
1614	935.209	614.815	639.326
1615	936.19	615.163	639.975
1616	936.217	615.398	640.212
1617	937.105	615.735	640.585
1618	937.145	616.104	640.99
1619	937.99	616.331	641.218
1620	938.202	616.394	641.281
1621	938.226	616.589	641.498
1622	938.24	616.603	641.513
1623	938.254	616.615	641.527
1624	938.28	616.856	641.793
1625	938.339	617.205	642.144
1626	938.372	617.22	642.159
1627	938.479	617.268	642.208
1628	939.409	617.612	642.921
1629	939.422	617.624	642.933
1630	940.281	617.973	643.284
1631	940.708	618.137	643.451
1632	940.735	618.368	643.684
1633	940.761	618.604	643.921
1634	940.774	618.615	643.933
1635	940.806	618.902	644.222
1636	940.867	619.249	644.572
1637	941.727	619.584	644.911
1638	941.768	619.988	645.524
1639	942.131	620.093	645.712
1640	942.171	620.476	646.098
1641	943.101	620.823	646.447
1642	943.961	621.171	646.799
1643	943.98	621.183	646.811
1644	944.835	621.412	647.041
1645	944.962	621.452	647.081
1646	945.022	621.801	647.433
1647	945.092	621.849	647.483
1648	945.106	621.861	647.495
1649	945.126	621.872	647.506
1650	945.495	621.985	647.62
1651	945.971	622.331	647.969
1652	946.411	622.496	648.136
1653	946.424	622.514	648.153
1654	946.437	622.531	648.17
1655	947.333	622.87	648.512
1656	947.704	622.975	648.618
1657	948.56	623.209	648.854
1658	948.581	623.221	648.867
1659	949.376	623.447	649.093
1660	949.809	623.623	649.27
1661	950.791	623.971	649.622
1662	950.812	623.983	649.634
1663	950.957	624.046	649.697
1664	951.382	624.212	649.865
1665	951.401	624.224	649.878
1666	951.532	624.273	649.926
1667	952.391	624.603	650.259
1668	952.452	624.953	650.612
1669	952.478	625.059	650.72
1670	952.493	625.125	650.786
1671	952.515	625.157	650.818
1672	952.535	625.173	650.83
1673	952.56	625.405	651.062
1674	952.571	625.417	651.075
1675	952.585	625.479	651.137
1676	953.06	625.824	651.485
1677	953.073	625.839	651.501
1678	953.084	625.85	651.512
1679	953.505	626.012	651.675
1680	953.537	626.027	651.69
1681	953.598	626.375	652.04
1682	953.619	626.387	652.053
1683	954.087	626.729	652.398
1684	954.805	626.935	652.607
1685	955.178	627.042	652.715
1686	955.239	627.392	653.068
1687	955.266	627.627	653.305
1688	955.288	627.659	653.338
1689	955.972	627.854	653.533
1690	956.113	627.912	653.592
1691	956.49	628.019	653.7
1692	957.349	628.322	654.008
1693	957.412	628.685	654.373
1694	958.369	629.055	654.746
1695	958.396	629.29	654.983
1696	958.809	629.45	655.145
1697	958.869	629.694	655.392
1698	958.894	629.889	655.589
1699	959.751	630.125	655.826
1700	959.765	630.137	655.839
1701	959.783	630.148	655.85
1702	959.795	630.16	655.862
1703	960.269	630.505	656.209
1704	961.278	630.869	656.577
1705	961.291	630.881	656.59
1706	961.303	630.892	656.601
1707	961.328	631.114	656.824
1708	962.272	631.483	657.198
1709	962.286	631.496	657.211
1710	962.437	631.59	657.306
1711	962.88	631.888	657.606
1712	962.901	631.901	657.619
1713	962.937	632.077	657.795
1714	962.951	632.089	657.808
1715	963.284	632.335	658.056
1716	963.304	632.348	658.07
1717	963.327	632.379	658.102
1718	963.443	632.431	658.154
1719	964.427	632.795	658.521
1720	965.343	633.147	658.876
1721	965.795	633.481	659.214
1722	965.808	633.522	659.255
1723	966.246	633.7	659.435
1724	966.26	633.713	659.447
1725	966.28	633.725	659.459
1726	966.736	634.064	659.801
1727	966.756	634.076	659.814
1728	966.782	634.183	659.921
1729	966.978	634.244	659.983
1730	966.991	634.256	659.996
1731	967.421	634.422	660.307
1732	967.482	634.771	661.101
1733	968.199	634.991	661.324
1734	968.219	635.003	661.336
1735	968.245	635.238	661.573
1736	969.095	635.472	661.809
1737	969.94	635.704	662.043
1738	970.919	636.054	662.395
1739	970.932	636.066	662.408
1740	970.944	636.078	662.42
1741	971.07	636.118	662.459
1742	971.09	636.13	662.471
1743	971.115	636.235	662.577
1744	971.156	636.625	662.97
1745	971.483	636.853	663.202
1746	971.498	636.916	663.265
1747	971.53	636.931	663.281
1748	971.968	637.11	663.459
1749	972.028	637.471	663.823
1750	972.824	637.693	664.048
1751	972.836	637.705	664.061
1752	972.85	637.717	664.073
1753	972.862	637.757	664.113
1754	973.843	638.121	664.48
1755	974.079	638.217	664.576
1756	974.939	638.566	664.928
1757	974.96	638.579	664.941
1758	975.021	638.926	665.293
1759	975.479	639.232	665.601
1760	976.472	639.621	665.994
1761	976.486	639.639	666.013
1762	976.707	639.705	666.077
1763	976.727	639.717	666.09
1764	976.754	639.952	666.326
1765	977.103	640.2	666.873
1766	977.116	640.211	666.885
1767	977.369	640.375	667.051
1768	977.79	640.538	667.216
1769	977.802	640.55	667.228
1770	977.815	640.591	667.268
1771	978.279	640.934	667.913
1772	978.299	640.945	667.925
1773	978.325	641.136	668.116
1774	978.741	641.298	668.28
1775	978.993	641.463	668.447
1776	979.25	641.631	668.617
1777	980.233	641.98	668.97
1778	980.342	642.029	669.019
1779	980.355	642.041	669.031
1780	980.375	642.052	669.043
1781	980.407	642.189	669.181
1782	980.478	642.237	669.23
1783	980.518	642.62	669.617
1784	980.543	642.816	669.814
1785	980.575	642.831	669.83
1786	980.588	642.848	669.847
1787	980.614	643.083	670.083
1788	981.537	643.456	670.477
1789	982.457	643.826	670.867
1790	982.48	643.861	670.902
1791	982.849	643.966	671.008
1792	982.877	644.178	671.223
1793	982.891	644.191	671.236
1794	982.916	644.295	671.341
1795	982.936	644.308	671.354
1796	982.976	644.678	671.728
1797	983.354	644.785	671.836
1798	984.335	645.132	672.186
1799	984.355	645.143	672.198
1800	985.336	645.491	672.549
1801	986.104	645.706	672.766
1802	986.117	645.746	672.807
1803	986.13	645.758	672.819
1804	987.024	646.097	673.161
1805	987.085	646.445	673.512
1806	988.027	646.784	673.855
1807	988.049	646.797	673.868
1808	988.067	646.808	673.879
1809	988.092	646.914	673.986
1810	988.153	647.264	674.339
1811	989.099	647.647	674.726
1812	989.111	647.66	674.74
1813	989.129	647.673	674.752
1814	989.154	647.777	674.857
1815	989.516	647.883	674.963
1816	989.543	648.118	675.2
1817	989.555	648.13	675.212
1818	989.587	648.417	675.501
1819	990.483	648.757	675.846
1820	990.503	648.769	675.859
1821	990.528	648.964	676.054
1822	990.777	649.127	676.22
1823	991.699	649.472	676.569
1824	991.72	649.484	676.581
1825	992.615	649.77	676.869
1826	992.641	650.004	677.105
1827	992.661	650.017	677.119
1828	992.673	650.028	677.13
1829	992.733	650.376	677.482
1830	992.753	650.388	677.495
1831	992.784	650.671	677.78
1832	992.823	650.85	677.961
1833	993.291	651.191	678.305
1834	994.275	651.539	678.658
1835	994.653	651.646	678.766
1836	994.679	651.88	679.001
1837	995.408	652.121	679.246
1838	995.799	652.255	679.382
1839	995.812	652.267	679.394
1840	996.606	652.574	679.702
1841	996.633	652.809	679.94
1842	996.652	652.822	679.952
1843	997.029	652.928	680.059
1844	997.055	653.131	680.262
1845	997.304	653.294	680.427
1846	997.56	653.462	680.596
1847	998.022	653.884	680.939
1848	998.037	653.898	680.953
1849	998.064	654.133	681.189
1850	998.091	654.238	681.296
1851	998.942	654.474	681.534
1852	998.969	654.709	681.77
1853	999.339	654.823	681.886
1854	999.374	654.842	681.904
1855	999.433	655.202	682.268
1856	999.446	655.215	682.28
1857	1000.3	655.563	682.631
1858	1000.75	655.752	682.822
1859	1000.77	655.765	682.835
1860	1000.8	655.872	682.943
1861	1000.86	656.222	683.297
1862	1001.75	656.458	683.535
1863	1002.72	656.808	683.888
1864	1003.09	656.914	683.995
1865	1003.11	656.926	684.007
1866	1003.32	656.988	684.07
1867	1004.24	657.331	684.416
1868	1004.69	657.661	685.055
1869	1005.49	657.959	685.664
1870	1005.62	657.999	685.705
1871	1006.01	658.137	685.844
1872	1006.99	658.485	686.196
1873	1007.01	658.497	686.209
1874	1007.86	658.732	686.445
1875	1007.87	658.748	686.462
1876	1007.89	658.76	686.474
1877	1007.91	658.776	686.49
1878	1007.94	658.913	686.627
1879	1008.95	659.252	686.971
1880	1009.9	659.592	687.315
1881	1009.93	659.697	687.422
1882	1009.95	659.804	687.53
1883	1009.99	659.821	687.547
1884	1010	659.833	687.559
1885	1010.06	660.181	687.91
1886	1010.51	660.482	688.212
1887	1010.53	660.678	688.409
1888	1011.45	661.049	688.785
1889	1011.6	661.145	688.881
1890	1011.62	661.161	688.897
1891	1011.83	661.224	688.96
1892	1011.85	661.235	688.972
1893	1012.23	661.342	689.079
1894	1012.25	661.447	689.186
1895	1012.28	661.459	689.198
1896	1012.29	661.471	689.21
1897	1013.27	661.818	689.561
1898	1013.64	661.924	689.667
1899	1013.66	662.031	689.776
1900	1013.67	662.043	689.788
1901	1014.05	662.15	689.895
1902	1014.07	662.214	689.961
1903	1014.32	662.38	690.128
1904	1015.16	662.653	690.402
1905	1015.18	662.665	690.415
1906	1015.19	662.677	690.427
1907	1015.22	662.711	690.462
1908	1015.25	663.008	690.762
1909	1015.34	663.041	690.795
1910	1015.36	663.053	690.807
1911	1015.79	663.217	690.972
1912	1015.85	663.567	691.325
1913	1015.87	663.578	691.337
1914	1016.01	663.636	691.395
1915	1016.39	663.741	691.502
1916	1016.76	663.855	691.617
1917	1017.18	664.021	691.785
1918	1017.6	664.185	691.95
1919	1017.63	664.29	692.056
1920	1018.06	664.466	692.234
1921	1018.52	664.801	692.573
1922	1018.53	664.813	692.585
1923	1018.56	664.924	692.695
1924	1018.58	664.936	692.707
1925	1018.62	665.308	693.082
1926	1018.68	665.656	693.644
1927	1018.7	665.669	693.675
1928	1019.54	665.956	694.017
1929	1019.79	666.121	694.184
1930	1019.82	666.227	694.29
1931	1019.83	666.239	694.303
1932	1019.89	666.585	694.653
1933	1019.92	666.691	694.76
1934	1020.89	667.041	695.113
1935	1020.9	667.052	695.125
1936	1020.92	667.064	695.137
1937	1021.34	667.226	695.3
1938	1021.7	667.338	695.413
1939	1021.72	667.349	695.425
1940	1022.7	667.697	695.776
1941	1023.13	667.861	695.94
1942	1023.15	668.097	696.178
1943	1023.16	668.109	696.19
1944	1024	668.395	696.48
1945	1024.02	668.407	696.492
1946	1024.04	668.512	696.598
1947	1024.86	668.832	696.917
1948	1025.23	668.939	697.025
1949	1025.25	668.951	697.037
1950	1025.28	669.237	697.327
1951	1026.21	669.584	698.139
1952	1045.72	690.635	716.766
1953	1045.75	690.74	716.873
1954	1045.77	690.752	716.884
1955	1046.67	691.091	718.161
1956	1046.69	691.325	719.374
1957	1046.73	691.704	722.965
1958	1047.58	691.99	723.251
1959	1047.95	692.095	723.358
1960	1048.05	692.154	723.417
1961	1048.07	692.186	723.449
1962	1049.06	692.534	723.797
1963	1049.08	692.546	723.809
1964	1049.14	692.908	724.451
1965	1049.93	693.215	724.782
1966	1049.94	693.23	724.798
1967	1049.96	693.243	724.809
1968	1049.98	693.255	724.821
1969	1050.04	693.602	725.467
1970	1050.07	693.834	725.698
1971	1050.09	693.852	725.716
1972	1050.95	694.087	725.955
1973	1051.37	694.25	726.122
1974	1052.22	694.49	726.361
1975	1052.67	694.824	726.695
1976	1052.81	694.882	726.754
1977	1053.67	695.168	727.04
1978	1053.69	695.39	727.261
1979	1054.14	695.725	727.598
1980	1054.17	695.96	727.833
1981	1054.18	695.975	727.848
1982	1055.12	696.342	728.514
1983	1055.15	696.374	728.546
1984	1055.16	696.422	728.595
1985	1055.19	696.706	728.887
1986	1055.22	696.812	728.994
1987	1055.46	696.913	729.097
1988	1055.48	696.926	729.11
1989	1055.5	697.161	729.348
1990	1055.51	697.202	729.388
1991	1055.57	697.564	729.76
1992	1055.6	697.576	729.772
1993	1055.62	697.809	730.004
1994	1056.49	698.17	730.375
1995	1057.35	698.457	730.672
1996	1057.48	698.507	730.722
1997	1057.86	698.614	730.83
1998	1057.89	698.849	731.069
1999	1057.92	699.165	731.394
2000	1058.89	699.514	731.753
