1			
2			
3			
4			
5			
6			
7	0.080268	0.078611	0.051477
8			
9			
10	0.066088	0.064722	0.043713
11			
12			
13	0.037157	0.035306	0.026815
14	0.13813	0.135592	0.076343
15	0.046203	0.045024	0.036247
16	0.044963	0.043353	0.033559
17	0.061819	0.06013	0.03834
18			
19	0.14168	0.139545	0.073324
20	0.074553	0.073536	0.04472
21	0.051999	0.050595	0.035465
22	0.086231	0.083958	0.05642
23	0.06396	0.061469	0.041951
24			
25	0.064974	0.062888	0.045643
26	0.210506	0.208276	0.119254
27	0.132217	0.130265	0.071425
28	0.107385	0.105905	0.071208
29			
30	0.039812	0.037969	0.026808
31	0.035388	0.033115	0.024011
32	0.134184	0.131913	0.077397
33	0.040347	0.038119	0.027149
34	0.093351	0.090273	0.053177
35			
36	0.039498	0.0382	0.029635
37	0.209395	0.207496	0.119688
38	0.063751	0.061884	0.042139
39	0.181421	0.180377	0.109579
40	0.157635	0.155949	0.185958
41	0.183373	0.182426	0.270715
42	0.156546	0.154903	0.125124
43	0.061076	0.028637	0.02378
44			
45			
46	0.026364	0.037958	0.027966
47			
48			
49	0.128443	0.127249	0.099866
50	0.054282	0.052032	0.037489
51	0.148032	0.146736	0.102866
52	0.045076	0.043549	0.032707
53	0.078545	0.076278	0.052915
54	0.189027	0.087078	0.052886
55	0.119674	0.056459	0.037502
56			
57	0.206396	0.204729	0.118251
58	0.208365	0.20622	0.117787
59			
60	0.12544	0.123516	0.078586
61	0.050606	0.048567	0.033367
62	0.042089	0.040596	0.034345
63	0.031247	0.029431	0.023957
64	0.042915	0.040309	0.027977
65	0.034987	0.056683	0.035994
66	0.172375	0.170234	0.095848
67			
68	0.035556	0.033986	0.032013
69	0.257478	0.254358	0.1355
70	0.054019	0.051757	0.036942
71			
72	0.209535	0.20724	0.11953
73	0.181933	0.179972	0.110372
74	0.042065	0.039617	0.029506
75	0.041884	0.039576	0.031391
76	0.102591	0.049252	0.034665
77	0.038135	0.060672	0.038866
78			
79	0.047612	0.046125	0.034802
80			
81	0.123623	0.121996	0.078561
82	0.046081	0.043219	0.031473
83	0.032378	0.048621	0.033669
84			
85	0.257799	0.254972	0.136412
86	0.031962	0.048522	0.033472
87	0.149754	0.147623	0.08927
88	0.044911	0.0635	0.04699
89	0.040784	0.038673	0.028164
90	0.132816	0.131215	0.082844
91	0.040013	0.060249	0.042579
92	0.146393	0.144986	0.08704
93	0.05153	0.049968	0.036861
94	0.030334	0.047273	0.031615
95	0.031736	0.030112	0.024966
96	0.211267	0.20865	0.117601
97	0.131959	0.131425	0.080795
98	0.032051	0.048326	0.033581
99	0.630227	0.234364	0.127013
100	0.154453	0.152505	0.086585
101	0.032005	0.030475	0.025181
102	0.637728	0.230485	0.126025
103	0.031263	0.045233	0.032962
104	0.097167	0.136729	0.100175
105	0.050921	0.076951	0.052917
106	0.040648	0.05934	0.04249
107	0.051665	0.082138	0.053721
108	0.066398	0.064102	0.039809
109	0.14959	0.148029	0.086158
110	0.044009	0.06845	0.046577
111	0.093248	0.134791	0.096891
112	0.041858	0.073081	0.043876
113	0.075469	0.039391	0.02877
114	0.150687	0.147766	0.08289
115	0.049534	0.047842	0.038973
116	0.033028	0.044042	0.034822
117	0.066248	0.063456	0.041429
118	0.035514	0.055114	0.036821
119	0.453277	0.152466	0.078633
120	0.042695	0.072813	0.044484
121	0.033628	0.049867	0.035106
122	0.054317	0.082891	0.056017
123	0.140033	0.065222	0.044686
124	0.105856	0.171028	0.109697
125	0.043939	0.062988	0.046104
126	0.114911	0.208432	0.119189
127	0.07483	0.14066	0.076619
128	0.07442	0.115384	0.077034
129	0.123202	0.231437	0.125448
130	0.027829	0.042704	0.029171
131	0.025955	0.037949	0.02705
132	0.081681	0.142639	0.083195
133	0.027636	0.042149	0.028991
134	0.051999	0.090325	0.052904
135	0.170205	0.168353	0.093305
136	0.028376	0.038513	0.030072
137	0.11705	0.207665	0.119774
138	0.043239	0.065596	0.044909
139	0.106057	0.179637	0.109267
140	0.098113	0.155663	0.102434
141	0.105973	0.182137	0.10938
142	0.16465	0.162671	0.092949
143	0.023357	0.031358	0.02504
144	0.132827	0.25502	0.136303
145	0.115169	0.209748	0.118409
146	0.028882	0.043248	0.030411
147	0.024935	0.034614	0.02642
148	0.077492	0.113304	0.079618
149	0.094782	0.127868	0.097838
150	0.036164	0.053297	0.038271
151	0.099644	0.14718	0.102956
152	0.032138	0.046851	0.034165
153	0.051284	0.077064	0.053172
154	0.051348	0.08743	0.052949
155	0.037105	0.060234	0.039016
156	0.031616	0.049044	0.033552
157	0.115398	0.204714	0.119113
158	0.115918	0.207112	0.118261
159	0.027645	0.040067	0.029349
160	0.0807	0.129946	0.082374
161	0.032316	0.04942	0.034199
162	0.032681	0.040945	0.034465
163	0.023508	0.030766	0.025191
164	0.028091	0.041829	0.029084
165	0.036918	0.060584	0.039314
166	0.50363	0.178986	0.100108
167	0.027897	0.042586	0.02946
168	0.029967	0.03398	0.03166
169	0.132793	0.255642	0.136546
170	0.035389	0.052147	0.037093
171	0.033063	0.044042	0.034736
172	0.117263	0.208199	0.120031
173	0.107501	0.180965	0.111385
174	0.027997	0.040439	0.029738
175	0.030011	0.039879	0.031387
176	0.033241	0.049733	0.03474
177	0.038112	0.061261	0.039213
178	0.089348	0.149973	0.09174
179	0.033462	0.047083	0.035218
180	0.084881	0.162054	0.087987
181	0.076653	0.122773	0.078809
182	0.03033	0.0443	0.03187
183	0.032489	0.049074	0.033634
184	0.074923	0.13256	0.077127
185	0.133402	0.255814	0.137431
186	0.03243	0.049412	0.033862
187	0.087324	0.148501	0.089654
188	0.045029	0.063965	0.046905
189	0.02664	0.039238	0.0282
190	0.081063	0.131122	0.082934
191	0.040158	0.060195	0.042429
192	0.084923	0.146065	0.087291
193	0.034703	0.050087	0.036959
194	0.030445	0.047286	0.031673
195	0.023264	0.030354	0.025018
196	0.114502	0.208764	0.117543
197	0.078811	0.13159	0.081249
198	0.031898	0.04878	0.033597
199	0.123019	0.235087	0.127191
200	0.084155	0.152733	0.086688
201	0.023312	0.03056	0.025404
202	0.122149	0.230588	0.12633
203	0.031077	0.0452	0.033134
204	0.09714	0.136735	0.100317
205	0.050679	0.077322	0.05317
206	0.040539	0.059689	0.042614
207	0.051656	0.08259	0.05489
208	0.03812	0.064231	0.039649
209	0.084082	0.147982	0.086267
210	0.043954	0.06891	0.046737
211	0.092821	0.135313	0.097161
212	0.041868	0.073602	0.044127
213	0.027105	0.039596	0.029092
214	0.081438	0.148047	0.083089
215	0.036798	0.048274	0.039081
216	0.033035	0.044645	0.034977
217	0.04014	0.063925	0.041574
218	0.035581	0.055838	0.037005
219	0.076969	0.151866	0.078828
220	0.04272	0.073273	0.044675
221	0.033544	0.064553	0.035056
222	0.054108	0.207026	0.055948
223	0.042848	0.162408	0.044531
224	0.107851	0.424574	0.109081
225	0.044161	0.139066	0.045985
226	0.115086	0.212254	0.119345
227	0.074952	0.140694	0.076362
228	0.074158	0.115255	0.076959
229	0.123071	0.231654	0.125353
230	0.027702	0.04254	0.029128
231	0.025886	0.037966	0.026788
232	0.081743	0.142729	0.083246
233	0.027478	0.042378	0.028879
234	0.051578	0.090091	0.052793
235	0.090554	0.168502	0.092967
236	0.028104	0.038691	0.029976
237	0.116961	0.208001	0.119511
238	0.043003	0.065774	0.044738
239	0.105963	0.180007	0.109112
240	0.097992	0.155577	0.102303
241	0.106907	0.182257	0.109435
242	0.090459	0.162768	0.092442
243	0.02322	0.031373	0.025041
244	0.13226	0.255057	0.135764
245	0.11493	0.210117	0.118419
246	0.028741	0.043347	0.030118
247	0.025011	0.034697	0.026343
248	0.077423	0.113488	0.079482
249	0.095098	0.12825	0.097927
250	0.036138	0.053318	0.038112
251	0.100025	0.147119	0.10293
252	0.032114	0.046684	0.034017
253	0.051094	0.077287	0.053062
254	0.051122	0.087464	0.052836
255	0.03716	0.060245	0.038961
256	0.031594	0.049055	0.033361
257	0.115749	0.2054	0.11862
258	0.115533	0.207195	0.118151
259	0.027627	0.040115	0.029079
260	0.080505	0.130034	0.081905
261	0.03224	0.049397	0.033723
262	0.032863	0.040815	0.03421
263	0.023474	0.03094	0.024805
264	0.027874	0.042118	0.028938
265	0.036546	0.060478	0.037572
266	0.097723	0.179071	0.10001
267	0.02758	0.042688	0.029155
268	0.029907	0.033991	0.031462
269	0.13236	0.255587	0.136382
270	0.035101	0.052105	0.036922
271	0.032644	0.043967	0.034569
272	0.116944	0.208589	0.119962
273	0.107563	0.180853	0.110628
274	0.02781	0.040246	0.029329
275	0.029886	0.039788	0.031253
276	0.033093	0.049568	0.034375
277	0.037724	0.060862	0.038777
278	0.088932	0.149761	0.091694
279	0.03318	0.046885	0.034985
280	0.084571	0.16197	0.087783
281	0.076569	0.122698	0.078674
282	0.029968	0.044048	0.03161
283	0.03233	0.048988	0.03339
284	0.074661	0.132477	0.076789
285	0.132806	0.255907	0.137029
286	0.032107	0.049194	0.033634
287	0.087351	0.148227	0.089052
288	0.045014	0.063708	0.046767
289	0.026569	0.038869	0.027936
290	0.080918	0.130869	0.08262
291	0.040048	0.060061	0.042285
292	0.084555	0.144947	0.087017
293	0.034416	0.05	0.036527
294	0.030044	0.047503	0.031532
295	0.023051	0.030503	0.024776
296	0.114488	0.208856	0.117402
297	0.078444	0.131431	0.080755
298	0.031888	0.048697	0.03324
299	0.122824	0.234987	0.126743
300	0.084031	0.152551	0.086331
301	0.066824	0.038646	0.06838
302	0.019603	0.023192	0.021345
303	0.077792	0.047117	0.079406
304	0.023	0.026392	0.024953
305	0.076724	0.046488	0.078595
306	0.077207	0.04271	0.07992
307	0.021626	0.025749	0.023527
308	0.021614	0.025036	0.02283
309			
310	0.06433	0.033298	0.066805
311	0.04719	0.045419	0.090766
312			
313	0.06912	0.038641	0.071465
314	0.073551	0.046129	0.075937
315	0.068765	0.040183	0.071034
316	0.072659	0.045168	0.07465
317	0.020899	0.024427	0.022636
318	0.040582	0.039143	0.08876
319	0.070135	0.045107	0.072642
320	0.020923	0.024034	0.022649
321	0.020397	0.023651	0.021537
322	0.045992	0.044533	0.089972
323	0.019708	0.023541	0.021401
324	0.072839	0.045076	0.074456
325	0.023373	0.028778	0.025062
326			
327	0.041858	0.040941	0.078312
328	0.02066	0.02448	0.022673
329	0.051482	0.049613	0.081362
330	0.052812	0.051254	0.082621
331	0.04098	0.040112	0.089762
332	0.038657	0.037671	0.07459
333	0.043933	0.042829	0.079671
334	0.040622	0.039772	0.08885
335	0.049201	0.047671	0.097763
336	0.048774	0.047384	0.094131
337	0.022476	0.02609	0.024347
338	0.055172	0.053198	0.096173
339	0.056542	0.055	0.102557
340	0.049932	0.048837	0.097932
341	0.055157	0.053673	0.095478
342	0.045711	0.044595	0.077393
343	0.056313	0.054636	0.102528
344	0.048011	0.046873	0.093609
345	0.042217	0.04079	0.073995
346	0.048299	0.047109	0.094735
347	0.045088	0.043857	0.077124
348	0.019221	0.023345	0.021163
349	0.05514	0.053135	0.084204
350	0.04573	0.044447	0.079696
351	0.039982	0.038901	0.074038
352	0.055228	0.053833	0.096053
353	0.044973	0.043915	0.0782
354	0.04538	0.044347	0.089733
355	0.039278	0.038186	0.074942
356	0.045055	0.043632	0.090462
357	0.054744	0.053297	0.084594
358	0.056026	0.054897	0.098659
359	0.03832	0.037348	0.074386
360	0.022461	0.025505	0.024801
361	0.045903	0.044463	0.076565
362	0.045496	0.044264	0.090687
363	0.047716	0.046565	0.095648
364	0.022469	0.02595	0.024388
365	0.055773	0.053865	0.10039
366	0.023373	0.029058	0.025051
367	0.02026	0.023338	0.021406
368	0.038673	0.037408	0.073514
369	0.047766	0.046553	0.077007
370	0.046049	0.044914	0.093011
371	0.021728	0.025813	0.023669
372	0.048337	0.046936	0.094258
373	0.045654	0.044842	0.091333
374	0.052561	0.051435	0.082736
375	0.043392	0.042545	0.078299
376	0.056236	0.054844	0.101725
377	0.04723	0.046173	0.093403
378	0.056511	0.055163	0.100478
379	0.050782	0.049593	0.081863
380	0.047533	0.046647	0.094698
381	0.056846	0.055538	0.104229
382	0.020182	0.024028	0.021802
383	0.02005	0.023356	0.021489
384	0.048208	0.04666	0.092307
385	0.049555	0.048531	0.097108
386	0.040107	0.039124	0.07373
387	0.043923	0.042884	0.079834
388	0.02494	0.030485	0.026911
389	0.019447	0.021143	0.020752
390	0.045674	0.044331	0.090946
391	0.046411	0.045495	0.080961
392	0.055432	0.054121	0.098243
393	0.041077	0.04031	0.07318
394	0.040756	0.039724	0.089816
395	0.044348	0.04307	0.079558
396	0.019456	0.023672	0.021486
397	0.037206	0.036066	0.073266
398	0.023838	0.029445	0.025843
399	0.048665	0.046938	0.093667
400	0.040678	0.039859	0.089022
401	0.040628	0.039167	0.073197
402	0.019455	0.023594	0.021427
403	0.052025	0.050179	0.086071
404	0.023	0.026477	0.025072
405	0.054612	0.052972	0.094871
406	0.049491	0.048533	0.096064
407	0.021705	0.025806	0.023552
408	0.021661	0.02467	0.022922
409	0.040477	0.039087	0.088923
410	0.03586	0.034809	0.072815
411	0.049406	0.047749	0.096881
412	0.049993	0.049024	0.097964
413	0.04149	0.040672	0.076527
414	0.050679	0.049442	0.082072
415	0.042954	0.04175	0.075789
416	0.049149	0.047734	0.081018
417	0.020743	0.024405	0.022582
418	0.040226	0.03895	0.088338
419	0.048109	0.046815	0.077494
420	0.020676	0.023951	0.022842
421	0.020305	0.023325	0.021514
422	0.046018	0.044438	0.089938
423	0.019649	0.023504	0.021729
424	0.049532	0.047756	0.080415
425	0.02328	0.028997	0.025338
426	0.039264	0.037717	0.072108
427	0.041865	0.040988	0.078348
428	0.02076	0.024287	0.022816
429	0.05127	0.049579	0.08113
430	0.052593	0.051069	0.082887
431	0.040734	0.040087	0.089508
432	0.03857	0.037184	0.074721
433	0.044	0.042855	0.07973
434	0.040504	0.039728	0.088916
435	0.049054	0.047652	0.097622
436	0.048539	0.047259	0.094256
437	0.022351	0.025946	0.024332
438	0.055053	0.053331	0.096456
439	0.056472	0.055094	0.102528
440	0.049843	0.048747	0.097926
441	0.055074	0.053628	0.095664
442	0.045572	0.044608	0.077458
443	0.056403	0.05457	0.10284
444	0.047883	0.046969	0.093079
445	0.042058	0.040967	0.074097
446	0.048233	0.047307	0.094678
447	0.044996	0.044032	0.077371
448	0.019197	0.023278	0.021158
449	0.055024	0.053207	0.084427
450	0.045669	0.044364	0.079422
451	0.040066	0.038832	0.073965
452	0.055068	0.053647	0.096005
453	0.045091	0.043879	0.078735
454	0.045363	0.044275	0.089675
455	0.038851	0.038359	0.074582
456	0.045088	0.043776	0.09002
457	0.054576	0.053181	0.084271
458	0.056059	0.054823	0.098444
459	0.038452	0.037605	0.0744
460	0.022506	0.025426	0.024719
461	0.045782	0.04442	0.076749
462	0.045313	0.044174	0.090565
463	0.047748	0.046619	0.095554
464	0.022387	0.025909	0.024342
465	0.055714	0.053798	0.100277
466	0.023306	0.028966	0.024884
467	0.020078	0.023084	0.021334
468	0.038688	0.037295	0.07354
469	0.047888	0.046417	0.076932
470	0.046162	0.04492	0.092908
471	0.021861	0.025786	0.023431
472	0.048624	0.047046	0.093992
473	0.045703	0.044987	0.09123
474	0.052954	0.05143	0.082812
475	0.043576	0.042504	0.078125
476	0.056247	0.054883	0.10136
477	0.047047	0.046257	0.093293
478	0.056557	0.055398	0.100654
479	0.050594	0.049454	0.082031
480	0.047515	0.04662	0.094694
481	0.056758	0.055496	0.104019
482	0.020038	0.024097	0.021721
483	0.020072	0.023352	0.021279
484	0.048292	0.046653	0.092268
485	0.04955	0.048545	0.097144
486	0.040065	0.039165	0.073897
487	0.043951	0.04301	0.079991
488	0.024935	0.030226	0.02682
489	0.019335	0.021005	0.020671
490	0.045505	0.044106	0.090661
491	0.046366	0.045289	0.080584
492	0.055415	0.054063	0.098133
493	0.041173	0.040287	0.072798
494	0.040706	0.03971	0.08951
495	0.044447	0.042868	0.079504
496	0.019481	0.023638	0.021308
497	0.037259	0.035763	0.073129
498	0.023868	0.029302	0.025963
499	0.048522	0.046948	0.093447
500	0.040588	0.039913	0.089004
501	0.024566	0.029827	0.026752
502	0.045177	0.043994	0.075246
503	0.048023	0.046734	0.094045
504			
505	0.043996	0.043356	0.079609
506	0.046137	0.045415	0.09286
507	0.046345	0.045787	0.091841
508	0.047652	0.04701	0.093984
509	0.048931	0.047699	0.095991
510	0.056266	0.055475	0.101123
511	0.045985	0.045083	0.091758
512	0.048967	0.048385	0.096026
513	0.049211	0.048134	0.095727
514	0.029636	0.028552	0.024396
515	0.055839	0.054032	0.10146
516	0.045781	0.045285	0.09213
517	0.040449	0.039985	0.089546
518	0.055268	0.053855	0.101422
519	0.02733	0.025996	0.024118
520	0.052989	0.051344	0.085817
521	0.047597	0.046697	0.078149
522	0.04187	0.040556	0.075913
523	0.043176	0.042341	0.079507
524	0.025064	0.023934	0.022381
525	0.026396	0.025398	0.023987
526	0.044645	0.043206	0.078029
527	0.0492	0.048104	0.08119
528	0.046098	0.045369	0.090832
529	0.0228	0.022373	0.022435
530	0.046738	0.045117	0.078653
531	0.051242	0.050133	0.082613
532	0.025452	0.024599	0.023016
533	0.045479	0.044135	0.076777
534	0.024892	0.02437	0.023031
535	0.045009	0.043923	0.076506
536	0.040103	0.039536	0.089517
537	0.045507	0.044698	0.080869
538	0.049074	0.04797	0.081374
539	0.046684	0.045593	0.080842
540	0.047329	0.046484	0.093696
541	0.031855	0.030296	0.027061
542	0.029332	0.028225	0.024474
543	0.073157	0.025033	0.023564
544			
545	0.049268	0.048192	0.079708
546	0.040324	0.039243	0.08892
547	0.043298	0.042401	0.079448
548	0.045454	0.044754	0.091321
549	0.048261	0.047533	0.094109
550	0.048345	0.047547	0.078224
551	0.049299	0.047947	0.097499
552	0.025123	0.024589	0.023691
553	0.054993	0.053103	0.101168
554	0.031401	0.030663	0.027982
555	0.039957	0.038957	0.09092
556	0.036631	0.035272	0.075348
557	0.024299	0.023198	0.02281
558	0.048284	0.046601	0.081916
559	0.045913	0.045111	0.091134
560	0.0572	0.055995	0.107023
561	0.043679	0.042904	0.076626
562	0.040194	0.039575	0.088907
563	0.022614	0.022026	0.022262
564	0.042046	0.040686	0.074578
565	0.030288	0.029241	0.025985
566	0.024403	0.023355	0.02158
567	0.022346	0.021395	0.021143
568	0.049304	0.047948	0.097013
569	0.047774	0.046888	0.094238
570	0.046897	0.045661	0.077996
571	0.040627	0.039619	0.089529
572	0.039902	0.039056	0.090075
573	0.045401	0.044559	0.093112
574	0.031468	0.030687	0.027364
575	0.023768	0.022763	0.02028
576	0.068142	0.023657	0.021847
577	0.047895	0.045884	0.077138
578	0.020103	0.023958	0.022335
579	0.055813	0.053734	0.097797
580	0.047262	0.046154	0.093424
581	0.043515	0.042316	0.07919
582	0.020433	0.02273	0.02263
583	0.020084	0.023156	0.021412
584	0.045616	0.044156	0.090495
585	0.040903	0.039932	0.089415
586	0.046159	0.044584	0.09116
587	0.056403	0.054998	0.100115
588	0.050409	0.048934	0.081992
589	0.023898	0.029413	0.025848
590	0.02035	0.023382	0.02166
591	0.020349	0.023389	0.021466
592	0.019658	0.021435	0.021108
593	0.047112	0.045411	0.09376
594	0.023564	0.029607	0.025586
595	0.043908	0.042261	0.078346
596	0.04393	0.042526	0.07681
597	0.019072	0.021056	0.021344
598	0.020436	0.023489	0.021952
599	0.051056	0.049076	0.080697
600	0.023855	0.029377	0.025902
