1			
2			
3	0.033264	0.033954	0.054607
4			
5			
6			
7	0.014258	0.014719	0.011305
8	0.029227	0.029106	0.058715
9			
10	0.144822	0.145673	0.065504
11	0.141762	0.142985	0.067396
12			
13	0.014285	0.014758	0.011412
14	0.0118	0.011772	0.010384
15	0.015165	0.015249	0.012298
16	0.19195	0.194646	0.098872
17	0.037675	0.038667	0.06258
18			
19			
20	0.024517	0.024936	0.055837
21	0.188828	0.190819	0.071741
22	0.015864	0.016429	0.013333
23	0.254556	0.260702	0.106011
24	0.060181	0.019775	0.014058
25	0.014035	0.019055	0.013305
26	0.03131	0.031288	0.059055
27			
28	0.026153	0.02658	0.015445
29	0.035627	0.036124	0.068485
30	0.953302	0.320771	0.118208
31	0.012693	0.016168	0.012981
32	0.012649	0.018299	0.012437
33	0.030089	0.030013	0.057958
34	0.028458	0.028663	0.066502
35			
36	0.107389	0.260648	0.107018
37	0.032555	0.033251	0.059046
38	0.030281	0.030617	0.058871
39	0.029746	0.029743	0.057393
40	0.038403	0.038756	0.06157
41	0.054061	0.054758	0.027249
42			
43	0.092766	0.16641	0.092554
44	0.186143	0.193002	0.086018
45			
46	0.011887	0.015713	0.012128
47			
48			
49	0.135584	0.137335	0.071405
50	0.108831	0.226484	0.107872
51	0.213064	0.265531	0.0789
52	0.642201	0.033284	0.062391
53	0.038853	0.038562	0.020083
54	0.066737	0.036181	0.066696
55	0.093397	0.170219	0.09336
56	0.065636	0.034079	0.065341
57	0.065418	0.034685	0.065166
58	0.065933	0.035808	0.06553
59	0.165383	0.166604	0.093319
60	0.141339	0.143226	0.088842
61	0.014052	0.020133	0.014358
62	0.014809	0.026399	0.01458
63			
64	0.013196	0.016607	0.013584
65	1.081755	0.165377	0.091797
66	0.058834	0.027743	0.058732
67	0.06661	0.036291	0.066209
68	0.013651	0.016831	0.013863
69	0.074068	0.149194	0.073332
70	0.014394	0.024509	0.01467
71	0.030782	0.030509	0.073564
72	0.012327	0.015697	0.012785
73	0.03682	0.036952	0.076742
74	0.038389	0.038788	0.079785
75	0.050166	0.050881	0.027592
76			
77			
78	0.043832	0.044388	0.026671
79	0.013375	0.016582	0.013552
80	0.014523	0.02877	0.014292
81	0.064529	0.034455	0.063848
82	0.012847	0.016209	0.013066
83	0.064071	0.032054	0.06341
84	0.076174	0.148618	0.075689
85	0.014444	0.017733	0.014657
86	0.01492	0.026935	0.014612
87	0.18098	0.04263	0.022525
88	0.045476	0.046124	0.079889
89	0.067845	0.042438	0.06789
90	0.072695	0.171641	0.07202
91	0.013828	0.017246	0.014026
92	0.037902	0.037933	0.077101
93	0.015265	0.027403	0.015514
94	0.14546	0.147219	0.076659
95	0.037675	0.038378	0.076367
96	0.038881	0.039468	0.01987
97	0.014039	0.017391	0.014231
98	0.030733	0.030382	0.07187
99	0.014621	0.026689	0.015036
100	0.044147	0.044515	0.027563
101	0.037709	0.038276	0.076242
102	0.012667	0.01627	0.012974
103	0.049129	0.049188	0.029572
104	0.240888	0.244068	0.100594
105	0.031479	0.031852	0.072697
106	0.037897	0.037991	0.078468
107	0.066813	0.037192	0.066979
108	0.070804	0.125035	0.070486
109			
110	0.012864	0.016346	0.013065
111			
112	0.106928	0.228152	0.106608
113	0.031152	0.031435	0.07423
114	0.068749	0.03623	0.068528
115	0.229462	0.232531	0.108551
116	1.004574	0.203752	0.098136
117			
118	0.165138	0.16758	0.081317
119	0.013629	0.017043	0.013867
120	0.022268	0.033916	0.02185
121	0.045779	0.046329	0.080764
122	0.041931	0.042656	0.068326
123	0.012805	0.016376	0.012901
124	0.037821	0.037938	0.079617
125	0.013722	0.016924	0.014122
126	0.048466	0.048734	0.026573
127	0.032655	0.033309	0.061337
128			
129	0.013281	0.016563	0.013518
130			
131	0.013068	0.016386	0.013299
132	0.01414	0.025963	0.013835
133	0.01398	0.017097	0.014021
134	0.034388	0.034321	0.06727
135	0.143301	0.144959	0.075551
136	0.041341	0.042217	0.069141
137	0.012936	0.016633	0.013252
138	0.043404	0.043583	0.069406
139	0.013956	0.017156	0.014227
140	0.108082	0.108439	0.068534
141	0.027911	0.045581	0.028145
142	0.013706	0.017044	0.013932
143	0.013606	0.016316	0.013371
144	0.031982	0.031688	0.076381
145	0.022154	0.037475	0.022752
146	0.016165	0.031021	0.016273
147	0.026816	0.050319	0.026728
148	0.161267	0.164141	0.09037
149	0.047916	0.048663	0.085114
150	0.043425	0.044207	0.0246
151	0.037963	0.038485	0.070317
152	0.049595	0.050562	0.090104
153	0.038473	0.039003	0.080443
154	0.208917	0.06304	0.033628
155	0.04416	0.045222	0.073255
156	0.241223	0.244647	0.105897
157			
158	0.013279	0.014779	0.013507
159	0.039501	0.039556	0.077628
160	0.014765	0.026934	0.014983
161	0.029221	0.057862	0.028886
162	0.034651	0.035281	0.02403
163	0.040125	0.040545	0.024139
164	0.035163	0.035653	0.06815
165			
166	0.168675	0.170968	0.092013
167	0.035178	0.035224	0.066367
168	0.081473	0.030612	0.019749
169	0.175273	0.176877	0.089392
170	0.166422	0.167968	0.091603
171	0.103061	0.103656	0.06776
172	0.164343	0.166042	0.075295
173	0.03932	0.039926	0.071415
174	0.014585	0.02034	0.014843
175	1.041286	0.234077	0.107827
176	0.029501	0.063059	0.029476
177	0.263373	0.261485	0.112233
178	0.013536	0.019353	0.013558
179	0.04728	0.047746	0.084292
180	0.039377	0.040202	0.071061
181	0.041137	0.042538	0.085634
182	0.033745	0.034432	0.065382
183	0.099477	0.197012	0.099422
184	0.034705	0.073239	0.034655
185	0.014608	0.021834	0.014727
186	0.199649	0.201719	0.087904
187	0.101251	0.199164	0.100869
188	0.013772	0.017089	0.014011
189	0.22266	0.219481	0.087016
190	0.047689	0.048582	0.084526
191	0.039095	0.039559	0.081663
192	0.036021	0.036366	0.070054
193	0.031155	0.031099	0.06495
194	0.106912	0.222341	0.106617
195	0.01272	0.016773	0.012852
196	0.019435	0.03516	0.019068
197	0.037287	0.037553	0.069604
198	0.013531	0.019006	0.013943
199	0.014872	0.02893	0.014466
200	0.039545	0.039721	0.083635
201	0.014568	0.017645	0.015102
202	0.038869	0.038846	0.064619
203	0.040161	0.040519	0.081535
204	0.033328	0.065557	0.033713
205	0.038993	0.039736	0.070471
206	0.014977	0.020869	0.01524
207	0.17357	0.176036	0.088748
208	0.140168	0.053648	0.027391
209	0.040116	0.039675	0.071219
210	0.032646	0.032676	0.078279
211	0.014546	0.01726	0.01511
212	0.047833	0.048205	0.085243
213	0.189808	0.190828	0.088117
214	0.013716	0.01735	0.013821
215	0.014564	0.019961	0.014172
216	0.039126	0.039326	0.079475
217	0.014321	0.020302	0.01454
218	0.013632	0.01641	0.013283
219	0.040114	0.040115	0.078319
220	0.02819	0.056498	0.028511
221	0.047967	0.04877	0.084726
222			
223	0.045998	0.04662	0.081029
224	0.032923	0.068618	0.033196
225	0.097034	0.198244	0.097053
226	0.22895	0.234097	0.093752
227	0.014663	0.024576	0.014782
228	0.034469	0.035159	0.068173
229	0.0324	0.033034	0.019875
230	0.01233	0.014253	0.012585
231	0.016364	0.030409	0.016086
232	0.036515	0.037064	0.068044
233	0.014245	0.020348	0.01508
234	0.190545	0.190915	0.081071
235	0.034063	0.065898	0.034585
236	0.139728	0.140749	0.083884
237	0.037718	0.03868	0.070643
238	0.013211	0.016874	0.013882
239	0.04747	0.047959	0.08455
240	0.097004	0.197118	0.096816
241	0.037138	0.037881	0.069778
242	0.027042	0.053067	0.02739
243	0.014381	0.017901	0.01489
244	0.014465	0.025989	0.013999
245	1.027925	0.378195	0.117537
246	0.044443	0.045944	0.07295
247	0.044034	0.0451	0.07443
248			
249	0.027153	0.053875	0.027409
250	0.036989	0.037438	0.06967
251	0.027205	0.070493	0.028031
252	0.024404	0.050164	0.024913
253	0.027834	0.059704	0.028075
254	0.043372	0.044842	0.074067
255	0.032702	0.033498	0.079978
256	0.01469	0.020564	0.015627
257	0.039114	0.040153	0.080693
258	0.043203	0.044132	0.07367
259	0.016402	0.03148	0.016973
260	0.185888	0.188573	0.084436
261	0.015735	0.021915	0.015943
262	0.027024	0.052202	0.027009
263	0.032083	0.032886	0.064744
264	0.03215	0.032508	0.022074
265	0.01411	0.020274	0.014348
266	0.013386	0.018764	0.013118
267	0.091504	0.166472	0.090943
268	0.028902	0.058111	0.029158
269	0.013291	0.016956	0.013659
270	0.037907	0.038606	0.070267
271	0.035292	0.036759	0.068236
272	0.032503	0.033008	0.077288
273			
274			
275	0.215965	0.217653	0.087583
276	0.041839	0.042418	0.084626
277	0.039573	0.040648	0.020184
278	0.015192	0.025341	0.015653
279	0.038822	0.039512	0.07961
280	0.011964	0.014209	0.012568
281	0.047348	0.048175	0.084925
282	0.014641	0.024859	0.015176
283	0.032109	0.03242	0.077579
284	0.03855	0.038745	0.07015
285	0.040581	0.041602	0.083725
286	0.01481	0.024242	0.015301
287	0.041043	0.041056	0.086123
288	0.015339	0.021108	0.015483
289	0.029153	0.028971	0.063215
290	0.040944	0.040929	0.083334
291	0.099388	0.198767	0.098938
292	0.213458	0.215296	0.086276
293	0.040418	0.040977	0.067072
294	0.032176	0.059222	0.03227
295	0.033086	0.033477	0.080197
296	0.039826	0.040078	0.066952
297	0.013307	0.016779	0.013417
298	0.038003	0.037829	0.068461
299	0.208397	0.212763	0.094397
300	0.032918	0.033213	0.077142
301	0.235443	0.245235	0.100432
302	0.033115	0.033424	0.078491
303	0.013561	0.016522	0.014072
304	0.03655	0.03677	0.019696
305	0.05832	0.058954	0.03067
306	0.112432	0.11362	0.066662
307	0.04124	0.041788	0.084691
308	0.244548	0.252693	0.097486
309	0.03578	0.036303	0.067602
310	0.01407	0.016982	0.014493
311	0.10794	0.260708	0.106975
312	0.038079	0.038624	0.070689
313	0.034889	0.035125	0.06664
314	0.035965	0.035963	0.069591
315	0.04865	0.048993	0.087065
316	0.040021	0.040907	0.081959
317	0.103261	0.034217	0.020725
318	0.012673	0.016341	0.012714
319	0.055011	0.05513	0.03427
320	0.036988	0.037317	0.069714
321	0.126267	0.127977	0.072539
322	0.015363	0.022938	0.015423
323	0.036517	0.036353	0.068823
324	0.014815	0.017614	0.015086
325	0.02172	0.033615	0.021555
326			
327	0.012733	0.01639	0.012788
328			
329	0.031349	0.031903	0.018607
330	0.166701	0.065629	0.034677
331	0.034531	0.035446	0.022569
332	0.108375	0.261185	0.107934
333	0.227695	0.223025	0.10035
334	0.026992	0.047264	0.027613
335			
336	0.222366	0.222426	0.10433
337	0.029065	0.063097	0.02922
338	0.087051	0.028235	0.017504
339	0.047577	0.048456	0.084588
340	0.222089	0.21987	0.085152
341	0.034142	0.050433	0.034949
342	0.099835	0.227946	0.100112
343	0.221812	0.228812	0.103246
344	0.040156	0.041268	0.085693
345	0.032818	0.033326	0.078884
346	0.224545	0.227238	0.104307
347			
348	0.015391	0.021389	0.015534
349	0.036657	0.036665	0.069207
350	0.025469	0.053631	0.025924
351	0.023425	0.049521	0.023783
352	0.038518	0.039707	0.071318
353	0.033054	0.033935	0.081505
354	0.055051	0.055764	0.030637
355	0.023739	0.048971	0.024415
356	0.014525	0.021964	0.014651
357	0.106564	0.224621	0.106596
358	0.014	0.015571	0.0142
359	0.013442	0.019384	0.013584
360	0.028214	0.049458	0.028309
361	0.103938	0.233265	0.104134
362	0.012716	0.016943	0.013139
363	0.032604	0.032911	0.079202
364	0.049492	0.049888	0.089013
365	0.020999	0.03793	0.021794
366	0.023203	0.043398	0.023423
367	0.050461	0.052127	0.092871
368	0.033235	0.033578	0.080197
369	0.019716	0.037465	0.020748
370	0.140835	0.143278	0.06895
371	0.016307	0.028653	0.016335
372	0.014671	0.020851	0.014701
373	0.034885	0.034844	0.067658
374	0.034643	0.035219	0.06958
375	0.032843	0.033124	0.081367
376	0.039723	0.039968	0.082631
377	0.042944	0.043797	0.071995
378	0.093854	0.167426	0.093903
379	0.043908	0.044967	0.029222
380	0.042463	0.043489	0.082628
381	0.18851	0.190716	0.088372
382	0.014654	0.024856	0.015126
383	0.034706	0.034951	0.066157
384	0.022161	0.035428	0.022909
385	0.040244	0.041438	0.084418
386	0.014193	0.024724	0.01462
387	0.015151	0.02978	0.015133
388	0.014376	0.020305	0.014411
389	0.041546	0.041742	0.084206
390	0.02429	0.035646	0.025032
391	0.044993	0.045565	0.072891
392	0.012666	0.014453	0.012825
393	0.177399	0.177152	0.089616
394	0.013042	0.014758	0.013132
395	0.015036	0.024253	0.014514
396	0.028724	0.028612	0.062499
397	0.029765	0.055078	0.030202
398	0.040185	0.040841	0.084169
399	0.109724	0.111104	0.072372
400	0.024623	0.037616	0.024822
401	0.110791	0.280526	0.11016
402	0.044456	0.045412	0.07446
403	0.042456	0.043129	0.085717
404	0.027922	0.04737	0.028015
405	0.110829	0.315309	0.110388
406	0.183411	0.185983	0.086948
407	0.014984	0.018063	0.015107
408	0.01688	0.030488	0.01641
409	0.034407	0.034653	0.064527
410	0.099473	0.194647	0.099378
411	0.013839	0.017248	0.013878
412	0.142338	0.143207	0.074676
413	0.014588	0.017804	0.014704
414			
415	0.033761	0.034408	0.064912
416	0.01535	0.027444	0.01539
417	0.013567	0.014601	0.013154
418	0.089975	0.14192	0.088877
419	0.035076	0.03535	0.068912
420	0.019308	0.028791	0.019845
421	0.026686	0.051062	0.026541
422	0.016757	0.031195	0.016694
423	0.036831	0.03648	0.065947
424	0.014046	0.016819	0.014239
425	0.040117	0.040531	0.067741
426			
427			
428	0.014157	0.019652	0.014067
429	0.107621	0.232691	0.10646
430	0.013378	0.016843	0.013434
431	0.014763	0.019718	0.014142
432	0.033656	0.033297	0.08004
433	0.039525	0.03966	0.071852
434	0.223387	0.226076	0.102558
435	0.039769	0.040398	0.071684
436	0.158723	0.159658	0.085723
437	0.031052	0.053448	0.031297
438	0.145484	0.146534	0.077854
439	0.056339	0.057283	0.031618
440	0.034022	0.034555	0.08026
441	0.187755	0.18904	0.081546
442	0.019167	0.032784	0.019383
443	0.087858	0.154051	0.087627
444	0.01623	0.022271	0.016153
445	0.012724	0.015804	0.012222
446	0.041725	0.041838	0.086374
447	0.022709	0.040222	0.022848
448	0.034986	0.035362	0.066555
449	0.019155	0.036657	0.019591
450	0.118392	0.311614	0.118145
451	0.041887	0.042768	0.082315
452	0.108744	0.263295	0.108321
453	0.107778	0.233569	0.107493
454	0.042872	0.043425	0.090472
455	0.041418	0.041993	0.081694
456	0.041164	0.04159	0.086728
457	0.099097	0.201	0.099083
458	0.015483	0.018467	0.015471
459	0.05124	0.05178	0.09382
460	0.161017	0.162693	0.084123
461	0.037111	0.037041	0.066739
462	0.016592	0.024446	0.017169
463	0.041561	0.041745	0.084268
464	0.019437	0.03669	0.019694
465	0.015996	0.028082	0.01591
466	0.188078	0.187583	0.085238
467	0.015316	0.022672	0.015308
468	0.166288	0.168915	0.081117
469	0.019729	0.03073	0.019957
470	0.03376	0.033832	0.078629
471	0.042366	0.042535	0.090679
472	0.129988	0.132593	0.075422
473	0.039266	0.039989	0.071444
474	0.014383	0.01758	0.014402
475	0.014099	0.016741	0.01362
476	0.015294	0.027159	0.014735
477	0.013086	0.016346	0.012731
478	0.02454	0.038505	0.021059
479	0.036503	0.03685	0.066856
480	0.041792	0.042169	0.088707
481	0.104356	0.22878	0.104075
482	0.120442	0.315953	0.120169
483	0.158167	0.160202	0.079663
484	0.014388	0.017437	0.014261
485	0.042467	0.042733	0.082428
486	0.013377	0.01681	0.013398
487	0.166266	0.166798	0.079285
488	0.067485	0.068286	0.034387
489	0.036462	0.036877	0.070054
490	0.014241	0.01549	0.014267
491	0.014998	0.017364	0.014309
492	0.035316	0.034805	0.065556
493	0.019951	0.033462	0.020413
494	0.027639	0.043712	0.027694
495	0.041327	0.041808	0.087413
496	0.049248	0.050169	0.087701
497	0.014882	0.017956	0.014874
498	0.178988	0.073886	0.035427
499	0.099487	0.20921	0.098589
500	0.034191	0.034468	0.082172
501	0.212718	0.215488	0.100584
502	0.015601	0.022292	0.015504
503	0.042103	0.042265	0.08785
504	0.036731	0.037099	0.070683
505	0.013959	0.017369	0.01403
506	0.037442	0.03745	0.070591
507	0.014697	0.017587	0.014697
508	0.0992	0.194828	0.098869
509	0.036977	0.081277	0.037043
510	0.04137	0.042178	0.084741
511	0.014827	0.017858	0.014724
512	0.032456	0.062725	0.032042
513	0.165036	0.166929	0.089459
514	0.015462	0.022536	0.015387
515	0.013703	0.016506	0.013153
516	0.050058	0.05046	0.08983
517	0.09315	0.168435	0.09258
518	0.038296	0.03871	0.070344
519	0.036927	0.073916	0.037141
520	0.03765	0.038109	0.070979
521	0.015738	0.021145	0.015751
522	0.048122	0.048408	0.08478
523	0.034068	0.060224	0.034045
524	0.041998	0.042657	0.0866
525	0.092942	0.168488	0.092377
526	0.045661	0.046236	0.073123
527	0.027182	0.052397	0.027356
528	0.015004	0.022266	0.014865
529	0.210212	0.208483	0.077035
530	0.016285	0.02221	0.016142
531	0.041426	0.041563	0.085422
532	0.037261	0.074125	0.037548
533	0.026049	0.045823	0.026327
534	0.015689	0.022443	0.015486
535	0.208029	0.209564	0.092114
536	0.014601	0.017807	0.014577
537	0.019155	0.03561	0.018766
538	0.035601	0.035862	0.068279
539	0.041941	0.042357	0.082547
540	0.026282	0.056541	0.026538
541	0.031336	0.056981	0.031367
542	0.03401	0.034518	0.06462
543	0.108771	0.278902	0.108143
544	0.032861	0.066623	0.032775
545	0.041259	0.041618	0.086323
546	0.034	0.033833	0.080723
547	0.10729	0.22401	0.107188
548	0.152602	0.154949	0.075853
549	0.017599	0.031621	0.017448
550	0.045151	0.045297	0.071059
551	0.013774	0.017142	0.013681
552	0.014175	0.016719	0.013616
553	0.099177	0.194264	0.098638
554	0.014671	0.017739	0.014551
555	0.107118	0.264032	0.105952
556	0.043241	0.043874	0.083796
557	0.04269	0.043478	0.083504
558	0.029226	0.054433	0.02943
559	0.038656	0.039034	0.070868
560	0.109921	0.227998	0.109071
561	0.041857	0.042455	0.082019
562	0.042701	0.043263	0.082901
563	0.037236	0.037553	0.070289
564	0.036412	0.03678	0.070528
565	0.096529	0.213581	0.096627
566	0.178983	0.181411	0.07331
567	0.013401	0.016954	0.013247
568	0.012359	0.013584	0.011794
569	0.033672	0.033404	0.080515
570	0.110291	0.111183	0.071688
571	0.039184	0.039525	0.07132
572	0.050466	0.051111	0.091819
573	0.01507	0.018082	0.014927
574	0.043358	0.043443	0.083889
575	0.289048	0.287072	0.106899
576	0.036789	0.037183	0.069133
577	0.043608	0.044077	0.072634
578	0.19169	0.193868	0.092694
579	0.033779	0.034151	0.06444
580	0.257949	0.257397	0.105922
581	0.028862	0.02905	0.062156
582	0.015167	0.020508	0.015548
583	0.033257	0.033478	0.061944
584	0.126876	0.128102	0.070545
585	0.017079	0.031378	0.016853
586	0.04231	0.042674	0.085651
587	0.107757	0.227338	0.107238
588	0.194203	0.195176	0.088964
589	0.01504	0.018051	0.014835
590	0.041058	0.041223	0.069775
591	0.050189	0.050985	0.089864
592	0.039298	0.039663	0.071196
593	0.247257	0.250662	0.107663
594	0.015517	0.02249	0.015359
595	0.01804	0.031849	0.017768
596	0.017049	0.031243	0.016736
597	0.249815	0.252088	0.103775
598	0.014159	0.017379	0.014019
599	0.029509	0.029112	0.062458
600	0.017887	0.027714	0.018174
